Date,Close,High,Low,Open,Volume
2010-01-04,18.110000610351562,18.1200008392334,17.350000381469727,17.510000228881836,122900
2010-01-05,18.040000915527344,18.219999313354492,17.700000762939453,18.219999313354492,156300
2010-01-06,18.100000381469727,18.100000381469727,17.8700008392334,17.969999313354492,187800
2010-01-07,18.110000610351562,18.1200008392334,17.649999618530273,18.1200008392334,66400
2010-01-08,18.15999984741211,18.3700008392334,18.049999237060547,18.1299991607666,85400
2010-01-11,18.270000457763672,18.450000762939453,18.09000015258789,18.229999542236328,85400
2010-01-12,18.260000228881836,18.3700008392334,18.020000457763672,18.209999084472656,68100
2010-01-13,18.65999984741211,18.889999389648438,18.15999984741211,18.290000915527344,89400
2010-01-14,18.56999969482422,18.760000228881836,18.420000076293945,18.639999389648438,78200
2010-01-15,18.6299991607666,18.799999237060547,18.229999542236328,18.65999984741211,109700
2010-01-19,26.780000686645508,26.8700008392334,21.25,21.25,2621900
2010-01-20,26.940000534057617,27.979999542236328,25.81999969482422,26.510000228881836,832200
2010-01-21,24.6299991607666,27.1200008392334,24.59000015258789,27.0,492500
2010-01-22,24.3700008392334,24.75,24.239999771118164,24.739999771118164,240400
2010-01-25,24.09000015258789,24.639999389648438,23.850000381469727,24.5,208900
2010-01-26,23.709999084472656,24.239999771118164,23.690000534057617,24.0,242900
2010-01-27,23.81999969482422,23.989999771118164,23.399999618530273,23.59000015258789,129300
2010-01-28,23.6299991607666,24.139999389648438,23.5,23.93000030517578,199800
2010-01-29,23.0,23.770000457763672,23.0,23.770000457763672,205100
2010-02-01,22.790000915527344,23.209999084472656,22.649999618530273,23.020000457763672,137000
2010-02-02,22.8700008392334,23.25,22.700000762939453,22.8700008392334,178200
2010-02-03,23.389999389648438,23.81999969482422,22.8799991607666,22.940000534057617,208300
2010-02-04,23.110000610351562,23.639999389648438,22.940000534057617,23.350000381469727,196800
2010-02-05,23.229999542236328,23.459999084472656,22.520000457763672,23.09000015258789,228200
2010-02-08,22.709999084472656,23.5,22.700000762939453,23.15999984741211,92500
2010-02-09,23.489999771118164,23.520000457763672,22.540000915527344,22.989999771118164,103400
2010-02-10,24.229999542236328,24.25,22.969999313354492,23.34000015258789,170000
2010-02-11,24.8799991607666,24.950000762939453,23.770000457763672,24.18000030517578,152400
2010-02-12,25.649999618530273,25.649999618530273,24.579999923706055,24.65999984741211,152600
2010-02-16,25.84000015258789,26.18000030517578,25.5,25.690000534057617,169000
2010-02-17,29.0,29.100000381469727,26.290000915527344,26.420000076293945,397300
2010-02-18,29.049999237060547,29.299999237060547,27.559999465942383,29.040000915527344,294600
2010-02-19,28.760000228881836,30.110000610351562,28.40999984741211,28.93000030517578,265400
2010-02-22,28.479999542236328,29.170000076293945,28.43000030517578,28.75,112400
2010-02-23,27.260000228881836,28.59000015258789,27.06999969482422,28.59000015258789,231300
2010-02-24,27.25,27.700000762939453,27.079999923706055,27.25,331100
2010-02-25,26.510000228881836,27.030000686645508,26.15999984741211,26.979999542236328,176400
2010-02-26,26.3700008392334,26.739999771118164,26.100000381469727,26.610000610351562,207000
2010-03-01,27.5,27.65999984741211,26.31999969482422,26.6299991607666,231000
2010-03-02,27.06999969482422,27.5,26.969999313354492,27.489999771118164,106800
2010-03-03,26.770000457763672,27.420000076293945,26.56999969482422,27.190000534057617,93000
2010-03-04,26.81999969482422,26.950000762939453,26.579999923706055,26.760000228881836,55600
2010-03-05,27.290000915527344,27.399999618530273,26.579999923706055,27.020000457763672,95900
2010-03-08,27.350000381469727,27.670000076293945,27.040000915527344,27.200000762939453,144500
2010-03-09,27.700000762939453,27.719999313354492,27.06999969482422,27.31999969482422,139300
2010-03-10,28.420000076293945,28.440000534057617,27.549999237060547,27.59000015258789,174200
2010-03-11,28.440000534057617,28.950000762939453,28.0,28.229999542236328,266800
2010-03-12,28.510000228881836,28.700000762939453,28.1299991607666,28.68000030517578,208100
2010-03-15,27.8799991607666,28.649999618530273,27.729999542236328,28.549999237060547,152600
2010-03-16,27.329999923706055,28.06999969482422,27.100000381469727,28.06999969482422,106000
2010-03-17,27.690000534057617,28.0,27.18000030517578,27.290000915527344,98500
2010-03-18,27.540000915527344,27.829999923706055,27.290000915527344,27.559999465942383,62600
2010-03-19,25.84000015258789,27.709999084472656,25.84000015258789,27.709999084472656,253000
2010-03-22,26.899999618530273,27.170000076293945,25.229999542236328,25.65999984741211,226800
2010-03-23,26.8700008392334,27.1299991607666,26.739999771118164,26.829999923706055,155900
2010-03-24,26.75,27.520000457763672,26.6299991607666,26.81999969482422,108500
2010-03-25,26.420000076293945,27.3700008392334,26.3700008392334,26.969999313354492,122800
2010-03-26,25.979999542236328,27.030000686645508,25.920000076293945,26.489999771118164,104800
2010-03-29,24.829999923706055,25.950000762939453,24.690000534057617,25.90999984741211,295000
2010-03-30,24.969999313354492,25.059999465942383,24.149999618530273,24.899999618530273,173000
2010-03-31,24.43000030517578,25.489999771118164,24.3700008392334,24.969999313354492,226900
2010-04-01,24.079999923706055,25.059999465942383,23.8799991607666,24.5,117700
2010-04-05,25.510000228881836,25.610000610351562,24.09000015258789,24.09000015258789,278700
2010-04-06,25.90999984741211,26.170000076293945,25.309999465942383,25.420000076293945,134900
2010-04-07,24.790000915527344,26.030000686645508,24.670000076293945,25.959999084472656,234900
2010-04-08,24.950000762939453,25.25,24.389999389648438,24.75,89900
2010-04-09,25.0,25.420000076293945,24.670000076293945,24.920000076293945,153600
2010-04-12,24.75,25.34000015258789,24.670000076293945,24.950000762939453,136100
2010-04-13,25.450000762939453,25.450000762939453,24.81999969482422,24.81999969482422,352300
2010-04-14,26.450000762939453,26.450000762939453,25.350000381469727,25.65999984741211,284400
2010-04-15,27.100000381469727,27.15999984741211,26.149999618530273,26.5,243500
2010-04-16,26.799999237060547,27.079999923706055,26.079999923706055,27.079999923706055,265500
2010-04-19,26.510000228881836,26.760000228881836,25.31999969482422,26.610000610351562,138300
2010-04-20,26.0,26.700000762939453,25.860000610351562,26.670000076293945,91300
2010-04-21,26.1299991607666,26.139999389648438,25.729999542236328,25.920000076293945,81100
2010-04-22,26.690000534057617,26.700000762939453,25.34000015258789,25.760000228881836,84200
2010-04-23,26.739999771118164,26.989999771118164,26.040000915527344,26.610000610351562,191500
2010-04-26,27.010000228881836,27.399999618530273,26.579999923706055,26.690000534057617,82700
2010-04-27,25.860000610351562,27.059999465942383,25.760000228881836,26.959999084472656,99700
2010-04-28,25.670000076293945,27.200000762939453,25.5,26.100000381469727,346900
2010-04-29,24.760000228881836,25.700000762939453,24.280000686645508,25.700000762939453,233800
2010-04-30,23.84000015258789,25.0,23.829999923706055,24.84000015258789,133200
2010-05-03,25.020000457763672,25.229999542236328,24.0,24.020000457763672,197400
2010-05-04,24.010000228881836,24.579999923706055,23.610000610351562,24.549999237060547,154700
2010-05-05,23.600000381469727,23.93000030517578,23.15999984741211,23.799999237060547,106100
2010-05-06,23.149999618530273,24.18000030517578,22.25,23.450000762939453,269500
2010-05-07,22.700000762939453,23.760000228881836,21.790000915527344,23.1200008392334,211500
2010-05-10,24.280000686645508,24.31999969482422,23.229999542236328,23.670000076293945,246700
2010-05-11,24.760000228881836,25.25,23.709999084472656,23.940000534057617,112000
2010-05-12,25.049999237060547,25.219999313354492,24.209999084472656,24.84000015258789,156000
2010-05-13,25.329999923706055,25.5,24.8700008392334,25.049999237060547,131100
2010-05-14,24.34000015258789,25.09000015258789,23.100000381469727,25.09000015258789,174400
2010-05-17,24.149999618530273,24.56999969482422,23.09000015258789,24.56999969482422,113100
2010-05-18,24.59000015258789,25.31999969482422,24.40999984741211,24.56999969482422,175800
2010-05-19,24.469999313354492,24.75,23.649999618530273,24.450000762939453,144000
2010-05-20,23.110000610351562,24.290000915527344,22.719999313354492,23.809999465942383,341400
2010-05-21,23.940000534057617,24.360000610351562,22.299999237060547,22.719999313354492,219600
2010-05-24,23.040000915527344,24.489999771118164,22.979999542236328,23.989999771118164,129100
2010-05-25,23.450000762939453,23.479999542236328,22.040000915527344,22.43000030517578,160400
2010-05-26,23.1299991607666,24.309999465942383,23.020000457763672,23.579999923706055,147800
2010-05-27,23.469999313354492,24.09000015258789,22.979999542236328,23.719999313354492,246800
2010-05-28,23.260000228881836,24.0,23.229999542236328,23.459999084472656,268800
2010-06-01,22.68000030517578,23.5,22.68000030517578,23.059999465942383,200800
2010-06-02,23.350000381469727,23.920000076293945,22.709999084472656,22.709999084472656,183400
2010-06-03,23.920000076293945,24.360000610351562,23.450000762939453,23.5,138500
2010-06-04,23.100000381469727,23.8799991607666,22.799999237060547,23.219999313354492,177200
2010-06-07,22.200000762939453,23.18000030517578,22.15999984741211,23.15999984741211,138500
2010-06-08,22.270000457763672,23.6299991607666,22.0,22.25,236200
2010-06-09,22.649999618530273,23.15999984741211,21.860000610351562,22.530000686645508,281100
2010-06-10,23.860000610351562,23.959999084472656,22.59000015258789,23.1299991607666,159800
2010-06-11,24.790000915527344,24.829999923706055,23.530000686645508,23.530000686645508,118200
2010-06-14,24.899999618530273,25.459999084472656,24.649999618530273,25.1299991607666,96100
2010-06-15,25.450000762939453,25.6200008392334,24.760000228881836,25.200000762939453,137700
2010-06-16,26.09000015258789,26.65999984741211,24.950000762939453,25.219999313354492,131500
2010-06-17,25.799999237060547,26.600000381469727,25.579999923706055,26.15999984741211,138700
2010-06-18,26.09000015258789,26.1200008392334,25.40999984741211,25.75,173300
2010-06-21,25.280000686645508,26.610000610351562,25.1200008392334,26.56999969482422,67200
2010-06-22,24.770000457763672,26.030000686645508,24.65999984741211,25.34000015258789,65000
2010-06-23,24.690000534057617,24.899999618530273,24.030000686645508,24.68000030517578,110800
2010-06-24,24.030000686645508,24.6200008392334,23.700000762939453,24.440000534057617,105100
2010-06-25,25.15999984741211,25.309999465942383,23.850000381469727,24.149999618530273,155300
2010-06-28,25.950000762939453,26.110000610351562,25.010000228881836,25.079999923706055,150900
2010-06-29,24.260000228881836,25.799999237060547,23.950000762939453,25.59000015258789,167900
2010-06-30,24.559999465942383,24.790000915527344,24.059999465942383,24.31999969482422,161000
2010-07-01,24.600000381469727,24.920000076293945,23.799999237060547,24.479999542236328,234700
2010-07-02,23.68000030517578,24.940000534057617,23.510000228881836,24.8799991607666,122300
2010-07-06,22.520000457763672,24.1299991607666,22.420000076293945,24.049999237060547,232400
2010-07-07,23.079999923706055,23.1299991607666,22.43000030517578,22.690000534057617,195200
2010-07-08,23.540000915527344,23.579999923706055,22.510000228881836,23.40999984741211,106800
2010-07-09,24.15999984741211,24.200000762939453,23.469999313354492,23.530000686645508,73900
2010-07-12,23.43000030517578,24.260000228881836,23.399999618530273,24.110000610351562,68400
2010-07-13,23.81999969482422,24.079999923706055,23.40999984741211,23.799999237060547,187300
2010-07-14,23.93000030517578,24.450000762939453,23.559999465942383,23.799999237060547,135200
2010-07-15,23.520000457763672,23.889999389648438,23.209999084472656,23.889999389648438,57800
2010-07-16,22.6299991607666,23.549999237060547,22.579999923706055,23.280000686645508,144300
2010-07-19,23.649999618530273,24.0,22.84000015258789,23.110000610351562,183000
2010-07-20,23.670000076293945,23.719999313354492,22.770000457763672,23.25,141300
2010-07-21,23.299999237060547,24.18000030517578,23.200000762939453,23.790000915527344,103600
2010-07-22,24.020000457763672,24.15999984741211,23.6200008392334,23.6200008392334,166000
2010-07-23,24.639999389648438,24.860000610351562,23.829999923706055,23.829999923706055,121100
2010-07-26,25.270000457763672,25.40999984741211,24.479999542236328,24.809999465942383,142900
2010-07-27,25.200000762939453,25.43000030517578,24.59000015258789,25.3799991607666,113600
2010-07-28,22.8799991607666,24.270000457763672,22.100000381469727,22.440000534057617,448100
2010-07-29,22.6299991607666,23.010000228881836,21.809999465942383,23.0,315600
2010-07-30,22.709999084472656,22.790000915527344,22.0,22.139999389648438,154400
2010-08-02,22.75,23.200000762939453,22.34000015258789,23.200000762939453,205100
2010-08-03,23.010000228881836,23.209999084472656,22.43000030517578,22.59000015258789,357100
2010-08-04,23.40999984741211,23.43000030517578,22.760000228881836,23.190000534057617,139200
2010-08-05,22.790000915527344,23.6200008392334,22.75,23.25,92900
2010-08-06,23.049999237060547,23.190000534057617,22.110000610351562,22.40999984741211,136300
2010-08-09,22.969999313354492,23.15999984741211,22.780000686645508,23.15999984741211,175600
2010-08-10,22.549999237060547,22.920000076293945,22.479999542236328,22.719999313354492,153200
2010-08-11,21.59000015258789,22.5,21.43000030517578,22.100000381469727,157100
2010-08-12,21.579999923706055,21.729999542236328,20.889999389648438,21.260000228881836,137700
2010-08-13,21.09000015258789,21.799999237060547,21.040000915527344,21.549999237060547,106500
2010-08-16,21.479999542236328,21.530000686645508,20.809999465942383,20.90999984741211,138000
2010-08-17,21.770000457763672,22.5,21.6200008392334,21.709999084472656,147200
2010-08-18,21.700000762939453,22.010000228881836,21.559999465942383,21.799999237060547,54900
2010-08-19,21.139999389648438,21.639999389648438,21.1299991607666,21.559999465942383,106000
2010-08-20,21.670000076293945,21.799999237060547,20.989999771118164,21.139999389648438,126700
2010-08-23,21.56999969482422,22.110000610351562,21.5,21.780000686645508,77600
2010-08-24,21.229999542236328,22.0,21.190000534057617,21.5,113500
2010-08-25,22.010000228881836,22.059999465942383,20.889999389648438,21.1299991607666,90700
2010-08-26,22.729999542236328,23.219999313354492,22.170000076293945,22.170000076293945,327000
2010-08-27,23.25,23.280000686645508,22.40999984741211,23.100000381469727,88400
2010-08-30,22.489999771118164,23.489999771118164,22.479999542236328,23.1200008392334,72600
2010-08-31,22.709999084472656,22.979999542236328,22.229999542236328,22.420000076293945,66600
2010-09-01,24.0,24.049999237060547,23.110000610351562,23.110000610351562,118400
2010-09-02,23.959999084472656,24.149999618530273,23.790000915527344,23.84000015258789,91400
2010-09-03,24.280000686645508,24.31999969482422,23.950000762939453,24.309999465942383,148300
2010-09-07,23.809999465942383,24.219999313354492,23.690000534057617,24.219999313354492,124200
2010-09-08,23.18000030517578,23.81999969482422,23.020000457763672,23.81999969482422,111800
2010-09-09,22.610000610351562,23.489999771118164,22.459999084472656,23.489999771118164,98900
2010-09-10,22.200000762939453,23.059999465942383,21.959999084472656,22.65999984741211,141300
2010-09-13,22.700000762939453,22.940000534057617,22.09000015258789,22.440000534057617,113500
2010-09-14,23.270000457763672,23.489999771118164,22.690000534057617,22.690000534057617,233300
2010-09-15,23.309999465942383,23.479999542236328,22.889999389648438,23.270000457763672,100100
2010-09-16,23.280000686645508,23.600000381469727,22.920000076293945,23.309999465942383,127600
2010-09-17,23.760000228881836,24.079999923706055,23.059999465942383,23.610000610351562,191700
2010-09-20,25.0,25.049999237060547,23.610000610351562,23.920000076293945,127000
2010-09-21,24.809999465942383,24.950000762939453,24.3700008392334,24.920000076293945,74700
2010-09-22,24.81999969482422,24.940000534057617,24.540000915527344,24.700000762939453,114300
2010-09-23,24.649999618530273,25.0,24.459999084472656,24.610000610351562,87900
2010-09-24,26.510000228881836,26.600000381469727,24.959999084472656,24.959999084472656,186600
2010-09-27,26.6299991607666,26.989999771118164,26.280000686645508,26.59000015258789,210100
2010-09-28,26.06999969482422,26.889999389648438,25.469999313354492,26.790000915527344,166500
2010-09-29,26.5,26.540000915527344,25.729999542236328,25.889999389648438,104900
2010-09-30,27.719999313354492,27.84000015258789,26.43000030517578,26.639999389648438,354500
2010-10-01,27.559999465942383,28.190000534057617,27.31999969482422,27.8700008392334,129700
2010-10-04,26.860000610351562,27.579999923706055,26.479999542236328,27.360000610351562,199400
2010-10-05,28.139999389648438,28.190000534057617,27.06999969482422,27.260000228881836,174600
2010-10-06,27.34000015258789,28.010000228881836,27.06999969482422,27.989999771118164,110800
2010-10-07,27.280000686645508,27.760000228881836,26.809999465942383,27.6299991607666,85500
2010-10-08,27.790000915527344,27.93000030517578,27.110000610351562,27.290000915527344,133500
2010-10-11,28.43000030517578,28.729999542236328,27.559999465942383,28.1200008392334,127700
2010-10-12,27.739999771118164,28.420000076293945,27.450000762939453,28.260000228881836,173900
2010-10-13,28.260000228881836,28.399999618530273,27.56999969482422,27.899999618530273,225400
2010-10-14,28.809999465942383,28.950000762939453,28.25,28.25,145300
2010-10-15,28.280000686645508,29.200000762939453,27.93000030517578,29.200000762939453,120100
2010-10-18,29.0,29.299999237060547,28.200000762939453,28.31999969482422,110600
2010-10-19,27.760000228881836,28.770000457763672,27.299999237060547,28.469999313354492,125200
2010-10-20,27.989999771118164,28.520000457763672,27.68000030517578,28.0,68400
2010-10-21,27.780000686645508,28.739999771118164,27.270000457763672,28.229999542236328,87700
2010-10-22,28.239999771118164,28.540000915527344,27.579999923706055,27.780000686645508,66900
2010-10-25,28.389999389648438,29.049999237060547,28.1200008392334,28.56999969482422,104000
2010-10-26,33.459999084472656,34.63999938964844,30.0,30.0,1092700
2010-10-27,32.0,33.22999954223633,31.940000534057617,33.09000015258789,502600
2010-10-28,30.989999771118164,32.209999084472656,30.8700008392334,32.09000015258789,429800
2010-10-29,31.31999969482422,31.700000762939453,30.510000228881836,30.760000228881836,272800
2010-11-01,31.25,31.75,30.510000228881836,31.40999984741211,165500
2010-11-02,31.940000534057617,32.20000076293945,31.31999969482422,31.799999237060547,190500
2010-11-03,32.08000183105469,32.599998474121094,31.450000762939453,31.969999313354492,144900
2010-11-04,32.099998474121094,32.959999084472656,31.90999984741211,32.61000061035156,161000
2010-11-05,31.649999618530273,32.2400016784668,31.5,31.989999771118164,71900
2010-11-08,31.940000534057617,32.29999923706055,31.200000762939453,31.3700008392334,94600
2010-11-09,32.209999084472656,32.5,31.610000610351562,31.899999618530273,147100
2010-11-10,32.720001220703125,32.97999954223633,32.290000915527344,32.38999938964844,137200
2010-11-11,32.650001525878906,32.9900016784668,31.31999969482422,32.2599983215332,262300
2010-11-12,33.0,33.560001373291016,32.459999084472656,32.599998474121094,232000
2010-11-15,33.060001373291016,33.380001068115234,32.84000015258789,33.119998931884766,97200
2010-11-16,32.04999923706055,33.349998474121094,31.5,32.66999816894531,253000
2010-11-17,31.719999313354492,32.209999084472656,31.489999771118164,32.04999923706055,213100
2010-11-18,33.220001220703125,33.599998474121094,31.899999618530273,32.11000061035156,175300
2010-11-19,33.36000061035156,33.54999923706055,33.02000045776367,33.279998779296875,132400
2010-11-22,33.36000061035156,33.5,32.52000045776367,33.150001525878906,82300
2010-11-23,33.689998626708984,33.9900016784668,32.9900016784668,32.9900016784668,144300
2010-11-24,34.040000915527344,34.150001525878906,33.720001220703125,33.9900016784668,163700
2010-11-26,33.959999084472656,34.20000076293945,33.709999084472656,33.720001220703125,28200
2010-11-29,34.189998626708984,34.36000061035156,33.689998626708984,33.70000076293945,142400
2010-11-30,33.81999969482422,34.0099983215332,33.349998474121094,33.84000015258789,129400
2010-12-01,34.459999084472656,34.869998931884766,34.220001220703125,34.400001525878906,269200
2010-12-02,33.66999816894531,34.599998474121094,33.41999816894531,34.5,193100
2010-12-03,33.5,34.06999969482422,33.06999969482422,33.41999816894531,157700
2010-12-06,33.5,33.779998779296875,33.31999969482422,33.31999969482422,118100
2010-12-07,33.5,34.0,33.33000183105469,33.900001525878906,161100
2010-12-08,33.15999984741211,33.7599983215332,32.900001525878906,33.66999816894531,160000
2010-12-09,33.2400016784668,33.45000076293945,32.849998474121094,33.45000076293945,110000
2010-12-10,33.2400016784668,33.58000183105469,33.02000045776367,33.380001068115234,126000
2010-12-13,32.70000076293945,33.47999954223633,32.70000076293945,33.47999954223633,131600
2010-12-14,32.06999969482422,32.70000076293945,31.670000076293945,32.65999984741211,150300
2010-12-15,32.130001068115234,32.75,32.040000915527344,32.06999969482422,120700
2010-12-16,32.15999984741211,32.470001220703125,32.04999923706055,32.15999984741211,84100
2010-12-17,32.7599983215332,32.959999084472656,31.389999389648438,32.279998779296875,173900
2010-12-20,33.290000915527344,33.7400016784668,32.529998779296875,32.91999816894531,98800
2010-12-21,34.029998779296875,34.04999923706055,33.400001525878906,33.47999954223633,79400
2010-12-22,33.689998626708984,34.02000045776367,33.38999938964844,33.93000030517578,89800
2010-12-23,33.790000915527344,34.34000015258789,33.58000183105469,33.61000061035156,81200
2010-12-27,33.56999969482422,33.84000015258789,33.400001525878906,33.84000015258789,40900
2010-12-28,33.22999954223633,33.709999084472656,33.099998474121094,33.709999084472656,79400
2010-12-29,32.38999938964844,33.2400016784668,32.369998931884766,33.2400016784668,115600
2010-12-30,32.970001220703125,33.08000183105469,32.31999969482422,32.31999969482422,145200
2010-12-31,32.63999938964844,33.2400016784668,32.59000015258789,32.77000045776367,97900
2011-01-03,34.11000061035156,34.20000076293945,32.9900016784668,33.0099983215332,134800
2011-01-04,33.599998474121094,34.40999984741211,33.11000061035156,34.2400016784668,138200
2011-01-05,34.09000015258789,34.209999084472656,33.0099983215332,33.52000045776367,128100
2011-01-06,34.4900016784668,34.4900016784668,34.04999923706055,34.04999923706055,82400
2011-01-07,35.33000183105469,35.43000030517578,34.4900016784668,34.4900016784668,171900
2011-01-10,35.61000061035156,35.689998626708984,34.27000045776367,35.2599983215332,167200
2011-01-11,36.27000045776367,37.0,35.70000076293945,35.70000076293945,159800
2011-01-12,36.91999816894531,37.08000183105469,36.4900016784668,36.599998474121094,157000
2011-01-13,35.68000030517578,36.9900016784668,35.13999938964844,36.9900016784668,81300
2011-01-14,35.43000030517578,36.36000061035156,35.130001068115234,35.720001220703125,123300
2011-01-18,35.599998474121094,35.619998931884766,34.58000183105469,35.18000030517578,100000
2011-01-19,34.779998779296875,35.849998474121094,34.63999938964844,35.630001068115234,153500
2011-01-20,33.81999969482422,34.54999923706055,33.56999969482422,34.52000045776367,134200
2011-01-21,33.2400016784668,33.97999954223633,33.15999984741211,33.97999954223633,122500
2011-01-24,33.4900016784668,34.060001373291016,32.83000183105469,33.18000030517578,142400
2011-01-25,33.25,33.470001220703125,32.70000076293945,33.25,63500
2011-01-26,34.060001373291016,34.150001525878906,32.810001373291016,33.45000076293945,114300
2011-01-27,33.61000061035156,34.130001068115234,32.630001068115234,34.130001068115234,103100
2011-01-28,32.5,33.779998779296875,32.150001525878906,33.65999984741211,113900
2011-01-31,33.029998779296875,33.2400016784668,31.790000915527344,32.65999984741211,124000
2011-02-01,33.58000183105469,34.09000015258789,32.970001220703125,33.18000030517578,62900
2011-02-02,34.15999984741211,34.40999984741211,33.400001525878906,33.400001525878906,44700
2011-02-03,34.22999954223633,34.38999938964844,33.220001220703125,34.02000045776367,63000
2011-02-04,34.22999954223633,34.540000915527344,33.560001373291016,34.13999938964844,77000
2011-02-07,34.81999969482422,35.439998626708984,34.040000915527344,34.220001220703125,54600
2011-02-08,36.099998474121094,36.150001525878906,34.5,34.7400016784668,114300
2011-02-09,41.08000183105469,41.09000015258789,37.5,37.5,449600
2011-02-10,42.810001373291016,42.97999954223633,40.7400016784668,40.90999984741211,497300
2011-02-11,44.34000015258789,44.560001373291016,41.0,41.7599983215332,423200
2011-02-14,45.29999923706055,45.369998931884766,44.5,44.630001068115234,314200
2011-02-15,44.47999954223633,45.779998779296875,44.02000045776367,45.41999816894531,269700
2011-02-16,45.45000076293945,45.58000183105469,44.38999938964844,44.880001068115234,129200
2011-02-17,47.70000076293945,47.81999969482422,45.459999084472656,45.47999954223633,279900
2011-02-18,46.0,48.0,45.61000061035156,48.0,167500
2011-02-22,44.5099983215332,45.7400016784668,44.04999923706055,45.7400016784668,135800
2011-02-23,43.0099983215332,44.720001220703125,42.83000183105469,44.400001525878906,170000
2011-02-24,43.75,44.20000076293945,42.5,43.06999969482422,283500
2011-02-25,44.72999954223633,44.72999954223633,43.08000183105469,43.790000915527344,139600
2011-02-28,45.380001068115234,46.0,44.63999938964844,45.150001525878906,124000
2011-03-01,44.709999084472656,46.45000076293945,44.5099983215332,45.61000061035156,232300
2011-03-02,44.84000015258789,45.45000076293945,43.86000061035156,44.81999969482422,342100
2011-03-03,49.0099983215332,49.369998931884766,45.09000015258789,45.31999969482422,403100
2011-03-04,48.11000061035156,49.619998931884766,47.15999984741211,49.22999954223633,235800
2011-03-07,46.06999969482422,49.099998474121094,46.0099983215332,48.540000915527344,374300
2011-03-08,49.59000015258789,49.97999954223633,45.68000030517578,46.209999084472656,290200
2011-03-09,46.599998474121094,49.4900016784668,46.40999984741211,49.4900016784668,478000
2011-03-10,45.2599983215332,45.83000183105469,43.709999084472656,45.83000183105469,647100
2011-03-11,45.5,46.060001373291016,44.70000076293945,45.220001220703125,286800
2011-03-14,45.58000183105469,47.08000183105469,44.88999938964844,45.0099983215332,490600
2011-03-15,45.869998931884766,46.63999938964844,43.79999923706055,43.79999923706055,588100
2011-03-16,44.900001525878906,46.650001525878906,44.15999984741211,45.7400016784668,421500
2011-03-17,46.08000183105469,46.5,45.0,45.63999938964844,385700
2011-03-18,46.099998474121094,46.900001525878906,45.81999969482422,46.63999938964844,311400
2011-03-21,48.81999969482422,48.90999984741211,46.06999969482422,46.65999984741211,469800
2011-03-22,46.13999938964844,49.380001068115234,45.720001220703125,48.84000015258789,478500
2011-03-23,46.0,46.5,45.119998931884766,46.220001220703125,314400
2011-03-24,46.470001220703125,46.880001068115234,45.86000061035156,46.40999984741211,251200
2011-03-25,46.5,47.060001373291016,46.41999816894531,46.81999969482422,174800
2011-03-28,45.349998474121094,46.970001220703125,45.27000045776367,46.7599983215332,239500
2011-03-29,46.130001068115234,46.45000076293945,44.90999984741211,45.34000015258789,300900
2011-03-30,47.27000045776367,47.599998474121094,46.08000183105469,46.4900016784668,517900
2011-03-31,47.0,47.939998626708984,46.66999816894531,47.61000061035156,395700
2011-04-01,50.88999938964844,51.400001525878906,47.09000015258789,47.36000061035156,672100
2011-04-04,50.72999954223633,51.470001220703125,50.290000915527344,51.040000915527344,408100
2011-04-05,52.459999084472656,53.38999938964844,50.56999969482422,50.709999084472656,505700
2011-04-06,52.11000061035156,54.20000076293945,51.40999984741211,53.060001373291016,638000
2011-04-07,52.5,53.77000045776367,50.7400016784668,52.13999938964844,428000
2011-04-08,49.77000045776367,53.5,49.70000076293945,52.59000015258789,418200
2011-04-11,48.310001373291016,51.22999954223633,47.09000015258789,50.36000061035156,520100
2011-04-12,47.709999084472656,48.52000045776367,46.2599983215332,47.7400016784668,524700
2011-04-13,49.36000061035156,49.61000061035156,48.0099983215332,48.41999816894531,348800
2011-04-14,49.72999954223633,50.06999969482422,48.220001220703125,48.650001525878906,362800
2011-04-15,50.040000915527344,50.619998931884766,48.939998626708984,49.709999084472656,403100
2011-04-18,48.529998779296875,49.27000045776367,47.25,49.04999923706055,448200
2011-04-19,49.75,49.869998931884766,48.61000061035156,48.93000030517578,351300
2011-04-20,51.9900016784668,52.16999816894531,50.36000061035156,50.66999816894531,327600
2011-04-21,53.47999954223633,53.900001525878906,51.400001525878906,52.689998626708984,577900
2011-04-25,53.77000045776367,53.95000076293945,52.7599983215332,53.4900016784668,437400
2011-04-26,54.02000045776367,54.68000030517578,53.4900016784668,53.84000015258789,356200
2011-04-27,55.43000030517578,55.65999984741211,53.47999954223633,53.97999954223633,441700
2011-04-28,53.720001220703125,55.0099983215332,53.0099983215332,55.0099983215332,762600
2011-04-29,53.849998474121094,54.04999923706055,52.279998779296875,53.849998474121094,444000
2011-05-02,51.11000061035156,54.709999084472656,50.709999084472656,54.150001525878906,491300
2011-05-03,49.5,51.18000030517578,48.77000045776367,51.06999969482422,345900
2011-05-04,42.38999938964844,50.040000915527344,42.02000045776367,49.439998626708984,1063600
2011-05-05,43.29999923706055,45.31999969482422,42.5,42.7599983215332,669600
2011-05-06,41.61000061035156,44.599998474121094,41.59000015258789,43.880001068115234,307300
2011-05-09,43.33000183105469,43.5,41.75,41.75,218000
2011-05-10,42.90999984741211,43.77000045776367,42.619998931884766,43.560001373291016,282000
2011-05-11,42.58000183105469,43.04999923706055,42.150001525878906,42.77000045776367,211000
2011-05-12,42.7599983215332,43.209999084472656,41.84000015258789,42.380001068115234,262300
2011-05-13,40.45000076293945,42.689998626708984,40.36000061035156,42.59000015258789,224000
2011-05-16,39.58000183105469,40.91999816894531,39.58000183105469,40.290000915527344,306200
2011-05-17,39.2599983215332,39.54999923706055,38.20000076293945,39.119998931884766,197000
2011-05-18,39.5099983215332,40.22999954223633,39.369998931884766,39.52000045776367,158200
2011-05-19,36.369998931884766,39.95000076293945,35.86000061035156,39.95000076293945,711400
2011-05-20,35.869998931884766,37.04999923706055,35.849998474121094,36.45000076293945,464900
2011-05-23,33.83000183105469,35.7400016784668,33.459999084472656,35.599998474121094,691200
2011-05-24,34.0,34.650001525878906,33.459999084472656,34.060001373291016,294100
2011-05-25,34.58000183105469,35.119998931884766,33.90999984741211,33.90999984741211,497500
2011-05-26,34.650001525878906,35.0,34.02000045776367,34.380001068115234,300300
2011-05-27,34.90999984741211,35.02000045776367,34.529998779296875,34.650001525878906,276300
2011-05-31,35.20000076293945,35.720001220703125,34.790000915527344,35.040000915527344,322800
2011-06-01,33.619998931884766,35.25,33.41999816894531,35.13999938964844,305000
2011-06-02,34.4900016784668,34.720001220703125,33.63999938964844,33.77000045776367,388600
2011-06-03,34.029998779296875,34.529998779296875,33.56999969482422,33.56999969482422,297000
2011-06-06,34.04999923706055,34.939998626708984,33.91999816894531,34.619998931884766,404900
2011-06-07,33.2400016784668,34.41999816894531,32.9900016784668,34.34000015258789,401300
2011-06-08,32.189998626708984,33.65999984741211,32.08000183105469,33.0099983215332,377400
2011-06-09,32.81999969482422,33.72999954223633,32.0,32.459999084472656,260100
2011-06-10,31.84000015258789,33.119998931884766,31.770000457763672,32.540000915527344,177500
2011-06-13,32.13999938964844,32.380001068115234,31.489999771118164,32.0099983215332,170000
2011-06-14,32.459999084472656,33.25,32.400001525878906,32.439998626708984,151300
2011-06-15,30.940000534057617,32.119998931884766,30.93000030517578,31.989999771118164,105600
2011-06-16,30.209999084472656,31.56999969482422,30.15999984741211,31.079999923706055,191000
2011-06-17,30.65999984741211,30.90999984741211,30.100000381469727,30.6200008392334,254600
2011-06-20,30.290000915527344,31.040000915527344,30.149999618530273,30.5,151000
2011-06-21,31.860000610351562,32.290000915527344,30.530000686645508,30.65999984741211,223300
2011-06-22,31.780000686645508,32.209999084472656,31.3700008392334,31.75,149400
2011-06-23,32.9900016784668,33.09000015258789,30.899999618530273,31.25,243100
2011-06-24,31.81999969482422,33.83000183105469,31.540000915527344,33.02000045776367,344000
2011-06-27,32.25,32.779998779296875,31.559999465942383,31.81999969482422,223000
2011-06-28,32.619998931884766,32.810001373291016,32.099998474121094,32.33000183105469,299500
2011-06-29,32.84000015258789,33.099998474121094,32.0099983215332,32.88999938964844,119800
2011-06-30,33.70000076293945,34.11000061035156,32.900001525878906,32.970001220703125,191000
2011-07-01,34.66999816894531,35.13999938964844,33.65999984741211,33.77000045776367,260800
2011-07-05,36.15999984741211,36.22999954223633,34.83000183105469,34.880001068115234,319000
2011-07-06,36.38999938964844,36.439998626708984,35.09000015258789,36.16999816894531,213800
2011-07-07,37.06999969482422,37.79999923706055,36.540000915527344,36.790000915527344,264300
2011-07-08,36.849998474121094,36.970001220703125,35.880001068115234,36.220001220703125,201400
2011-07-11,36.040000915527344,36.689998626708984,35.63999938964844,36.25,174600
2011-07-12,35.41999816894531,36.029998779296875,34.75,35.779998779296875,188900
2011-07-13,35.72999954223633,36.79999923706055,35.08000183105469,35.56999969482422,242900
2011-07-14,34.459999084472656,37.08000183105469,34.40999984741211,35.72999954223633,232200
2011-07-15,35.47999954223633,35.900001525878906,34.130001068115234,34.81999969482422,212100
2011-07-18,35.34000015258789,35.709999084472656,34.81999969482422,35.349998474121094,246600
2011-07-19,37.97999954223633,38.0,35.77000045776367,35.77000045776367,234500
2011-07-20,38.04999923706055,38.540000915527344,37.2400016784668,38.540000915527344,294500
2011-07-21,38.0099983215332,38.70000076293945,37.66999816894531,38.130001068115234,210400
2011-07-22,39.34000015258789,39.650001525878906,38.0099983215332,38.060001373291016,191500
2011-07-25,38.77000045776367,39.65999984741211,38.470001220703125,38.79999923706055,273400
2011-07-26,37.970001220703125,38.959999084472656,37.2400016784668,38.959999084472656,197500
2011-07-27,28.110000610351562,35.40999984741211,27.850000381469727,35.0099983215332,1673600
2011-07-28,26.469999313354492,28.18000030517578,26.440000534057617,28.18000030517578,610800
2011-07-29,25.5,26.3799991607666,24.700000762939453,26.0,825000
2011-08-01,25.700000762939453,26.15999984741211,25.0,25.850000381469727,623500
2011-08-02,25.5,25.809999465942383,25.270000457763672,25.34000015258789,473100
2011-08-03,27.219999313354492,27.469999313354492,25.299999237060547,25.739999771118164,732800
2011-08-04,25.610000610351562,27.09000015258789,25.610000610351562,26.65999984741211,757200
2011-08-05,25.06999969482422,27.110000610351562,23.809999465942383,26.200000762939453,425600
2011-08-08,23.979999542236328,26.010000228881836,23.010000228881836,23.940000534057617,636500
2011-08-09,25.459999084472656,25.540000915527344,23.1200008392334,24.649999618530273,479800
2011-08-10,23.079999923706055,25.049999237060547,23.020000457763672,24.780000686645508,396400
2011-08-11,25.209999084472656,25.6299991607666,22.950000762939453,23.1200008392334,349900
2011-08-12,25.579999923706055,26.489999771118164,24.670000076293945,25.6200008392334,145000
2011-08-15,25.950000762939453,26.350000381469727,25.3799991607666,25.8799991607666,208400
2011-08-16,24.559999465942383,25.760000228881836,23.920000076293945,25.610000610351562,291500
2011-08-17,25.270000457763672,25.5,24.530000686645508,24.65999984741211,360100
2011-08-18,22.1200008392334,24.18000030517578,22.1200008392334,24.170000076293945,384400
2011-08-19,21.260000228881836,22.670000076293945,21.049999237060547,21.670000076293945,415500
2011-08-22,21.510000228881836,22.200000762939453,21.239999771118164,22.200000762939453,306300
2011-08-23,23.559999465942383,23.610000610351562,21.540000915527344,21.709999084472656,279400
2011-08-24,23.510000228881836,23.899999618530273,22.18000030517578,23.530000686645508,252100
2011-08-25,22.760000228881836,23.729999542236328,22.6200008392334,23.729999542236328,197700
2011-08-26,23.420000076293945,23.90999984741211,21.93000030517578,22.510000228881836,291800
2011-08-29,24.190000534057617,24.459999084472656,23.799999237060547,23.84000015258789,252200
2011-08-30,24.0,24.360000610351562,23.350000381469727,24.030000686645508,443700
2011-08-31,23.139999389648438,24.479999542236328,22.860000610351562,24.1299991607666,338400
2011-09-01,22.3799991607666,23.59000015258789,22.239999771118164,23.200000762939453,247000
2011-09-02,21.469999313354492,22.299999237060547,21.350000381469727,21.75,210200
2011-09-06,21.079999923706055,21.190000534057617,20.09000015258789,20.610000610351562,250500
2011-09-07,24.59000015258789,24.649999618530273,21.719999313354492,21.719999313354492,1330000
2011-09-08,23.440000534057617,24.479999542236328,22.920000076293945,24.229999542236328,404400
2011-09-09,23.110000610351562,24.049999237060547,22.760000228881836,23.09000015258789,489800
2011-09-12,23.459999084472656,23.600000381469727,22.6200008392334,22.6200008392334,351800
2011-09-13,23.559999465942383,24.079999923706055,23.31999969482422,23.600000381469727,424000
2011-09-14,24.510000228881836,25.010000228881836,23.510000228881836,23.81999969482422,379800
2011-09-15,25.030000686645508,25.1299991607666,24.239999771118164,24.709999084472656,145400
2011-09-16,23.010000228881836,24.260000228881836,22.450000762939453,24.260000228881836,660400
2011-09-19,21.780000686645508,22.6200008392334,21.420000076293945,22.5,249800
2011-09-20,21.09000015258789,22.059999465942383,21.030000686645508,21.81999969482422,258600
2011-09-21,20.030000686645508,21.389999389648438,20.0,21.110000610351562,305600
2011-09-22,19.329999923706055,19.989999771118164,18.84000015258789,19.540000915527344,263400
2011-09-23,20.209999084472656,20.459999084472656,19.040000915527344,19.25,255800
2011-09-26,20.25,21.139999389648438,19.600000381469727,20.43000030517578,182000
2011-09-27,21.459999084472656,22.0,20.81999969482422,20.959999084472656,332200
2011-09-28,19.770000457763672,21.540000915527344,19.760000228881836,21.540000915527344,225000
2011-09-29,20.3799991607666,20.739999771118164,19.530000686645508,20.43000030517578,136900
2011-09-30,18.540000915527344,20.059999465942383,18.510000228881836,19.969999313354492,276200
2011-10-03,18.0,19.799999237060547,17.950000762939453,18.360000610351562,291700
2011-10-04,20.530000686645508,20.6299991607666,17.8799991607666,17.8799991607666,291200
2011-10-05,21.170000076293945,21.520000457763672,19.899999618530273,20.520000457763672,172800
2011-10-06,22.190000534057617,22.469999313354492,21.149999618530273,21.149999618530273,306900
2011-10-07,21.649999618530273,23.209999084472656,21.420000076293945,22.31999969482422,347400
2011-10-10,22.719999313354492,22.959999084472656,21.860000610351562,22.209999084472656,175900
2011-10-11,24.360000610351562,24.75,22.729999542236328,22.729999542236328,368100
2011-10-12,24.309999465942383,24.75,23.979999542236328,24.700000762939453,160400
2011-10-13,23.469999313354492,24.1299991607666,23.1200008392334,24.110000610351562,236200
2011-10-14,24.260000228881836,24.399999618530273,23.3799991607666,23.969999313354492,140300
2011-10-17,22.75,24.329999923706055,22.6200008392334,23.969999313354492,184300
2011-10-18,23.700000762939453,24.030000686645508,22.06999969482422,22.760000228881836,169500
2011-10-19,22.59000015258789,23.8700008392334,22.489999771118164,23.690000534057617,109400
2011-10-20,22.899999618530273,23.0,21.549999237060547,22.56999969482422,180700
2011-10-21,23.84000015258789,24.43000030517578,23.3799991607666,23.530000686645508,217500
2011-10-24,25.360000610351562,25.450000762939453,24.059999465942383,24.059999465942383,199100
2011-10-25,24.43000030517578,25.469999313354492,24.15999984741211,25.100000381469727,278200
2011-10-26,28.59000015258789,29.0,26.360000610351562,28.489999771118164,747500
2011-10-27,29.760000228881836,31.299999237060547,29.59000015258789,30.0,446500
2011-10-28,29.389999389648438,30.920000076293945,29.329999923706055,29.68000030517578,298700
2011-10-31,28.040000915527344,29.3799991607666,28.030000686645508,29.049999237060547,187800
2011-11-01,27.489999771118164,28.030000686645508,25.799999237060547,27.049999237060547,283300
2011-11-02,28.350000381469727,28.639999389648438,27.540000915527344,28.059999465942383,193500
2011-11-03,30.260000228881836,30.489999771118164,27.829999923706055,28.950000762939453,269400
2011-11-04,29.579999923706055,29.8700008392334,28.739999771118164,29.829999923706055,182600
2011-11-07,29.200000762939453,29.540000915527344,28.309999465942383,29.540000915527344,102000
2011-11-08,30.440000534057617,30.639999389648438,28.959999084472656,29.610000610351562,249300
2011-11-09,28.010000228881836,29.59000015258789,28.0,29.299999237060547,230800
2011-11-10,28.850000381469727,29.15999984741211,28.0,28.639999389648438,171000
2011-11-11,29.579999923706055,30.149999618530273,29.270000457763672,29.399999618530273,190800
2011-11-14,28.809999465942383,29.610000610351562,28.43000030517578,29.399999618530273,126000
2011-11-15,30.200000762939453,30.479999542236328,28.350000381469727,28.600000381469727,176700
2011-11-16,29.559999465942383,30.729999542236328,29.5,29.6299991607666,175800
2011-11-17,29.149999618530273,29.739999771118164,28.59000015258789,29.469999313354492,181900
2011-11-18,28.959999084472656,29.549999237060547,28.559999465942383,29.399999618530273,152900
2011-11-21,28.1299991607666,28.479999542236328,27.799999237060547,28.15999984741211,201900
2011-11-22,27.940000534057617,28.6200008392334,27.81999969482422,28.1200008392334,125700
2011-11-23,26.809999465942383,27.690000534057617,26.56999969482422,27.6299991607666,142500
2011-11-25,26.18000030517578,27.209999084472656,26.18000030517578,26.649999618530273,57400
2011-11-28,28.110000610351562,28.6299991607666,27.360000610351562,27.549999237060547,217000
2011-11-29,28.350000381469727,28.719999313354492,27.760000228881836,28.190000534057617,147200
2011-11-30,30.719999313354492,30.899999618530273,29.739999771118164,30.0,286200
2011-12-01,29.8700008392334,31.18000030517578,29.84000015258789,30.6299991607666,113700
2011-12-02,30.6299991607666,31.059999465942383,30.200000762939453,30.5,127000
2011-12-05,31.84000015258789,32.209999084472656,30.719999313354492,31.360000610351562,274200
2011-12-06,30.469999313354492,31.989999771118164,30.15999984741211,31.850000381469727,156100
2011-12-07,30.06999969482422,30.43000030517578,29.399999618530273,30.209999084472656,131200
2011-12-08,29.1299991607666,30.329999923706055,28.989999771118164,29.68000030517578,121000
2011-12-09,30.799999237060547,31.010000228881836,29.170000076293945,29.170000076293945,175000
2011-12-12,31.549999237060547,31.600000381469727,30.100000381469727,30.420000076293945,158300
2011-12-13,30.299999237060547,32.18000030517578,30.059999465942383,31.719999313354492,147200
2011-12-14,28.65999984741211,30.290000915527344,28.549999237060547,30.149999618530273,172000
2011-12-15,28.899999618530273,29.5,28.479999542236328,29.260000228881836,138400
2011-12-16,29.709999084472656,30.209999084472656,28.75,29.15999984741211,289300
2011-12-19,29.3799991607666,30.90999984741211,29.25,30.059999465942383,192100
2011-12-20,31.079999923706055,31.59000015258789,29.93000030517578,30.280000686645508,185500
2011-12-21,30.290000915527344,31.170000076293945,29.489999771118164,31.170000076293945,141600
2011-12-22,30.860000610351562,31.6299991607666,30.5,30.5,120500
2011-12-23,30.520000457763672,30.940000534057617,30.299999237060547,30.940000534057617,66600
2011-12-27,31.040000915527344,31.270000457763672,30.260000228881836,30.469999313354492,72900
2011-12-28,30.139999389648438,31.110000610351562,30.030000686645508,31.040000915527344,103700
2011-12-29,30.860000610351562,31.020000457763672,30.3700008392334,30.3799991607666,110600
2011-12-30,30.40999984741211,31.049999237060547,30.360000610351562,30.780000686645508,74000
2012-01-03,31.09000015258789,32.04999923706055,30.850000381469727,31.469999313354492,123400
2012-01-04,30.3700008392334,30.989999771118164,29.739999771118164,30.8799991607666,164500
2012-01-05,33.13999938964844,33.540000915527344,30.350000381469727,30.479999542236328,304100
2012-01-06,33.93000030517578,34.41999816894531,32.810001373291016,33.209999084472656,339300
2012-01-09,35.150001525878906,35.36000061035156,33.959999084472656,34.0,282000
2012-01-10,36.22999954223633,36.77000045776367,35.66999816894531,35.709999084472656,417100
2012-01-11,36.9900016784668,37.02000045776367,35.79999923706055,35.869998931884766,177700
2012-01-12,37.18000030517578,37.459999084472656,36.41999816894531,37.09000015258789,99500
2012-01-13,37.09000015258789,37.22999954223633,36.16999816894531,36.83000183105469,127100
2012-01-17,36.310001373291016,37.939998626708984,36.150001525878906,37.459999084472656,153100
2012-01-18,36.5,37.29999923706055,36.0,36.400001525878906,93500
2012-01-19,38.060001373291016,38.18000030517578,36.88999938964844,36.88999938964844,191300
2012-01-20,38.310001373291016,38.5099983215332,37.77000045776367,37.93000030517578,173100
2012-01-23,37.34000015258789,38.5,37.18000030517578,38.27000045776367,111600
2012-01-24,36.27000045776367,37.20000076293945,35.91999816894531,36.97999954223633,209200
2012-01-25,35.95000076293945,36.79999923706055,35.06999969482422,36.40999984741211,215300
2012-01-26,36.369998931884766,36.630001068115234,35.900001525878906,36.29999923706055,151000
2012-01-27,36.7599983215332,36.79999923706055,35.84000015258789,36.099998474121094,88600
2012-01-30,36.38999938964844,36.63999938964844,35.849998474121094,36.2599983215332,79500
2012-01-31,36.75,37.0,36.119998931884766,36.83000183105469,129800
2012-02-01,38.630001068115234,38.880001068115234,37.06999969482422,37.09000015258789,227300
2012-02-02,39.31999969482422,39.54999923706055,38.0099983215332,38.790000915527344,206300
2012-02-03,40.869998931884766,41.75,40.02000045776367,40.08000183105469,231600
2012-02-06,40.56999969482422,41.18000030517578,39.709999084472656,40.7400016784668,261600
2012-02-07,38.060001373291016,39.970001220703125,36.400001525878906,39.970001220703125,477600
2012-02-08,37.72999954223633,39.220001220703125,37.20000076293945,38.34000015258789,263500
2012-02-09,37.310001373291016,37.959999084472656,36.54999923706055,37.79999923706055,228300
2012-02-10,36.150001525878906,36.97999954223633,35.45000076293945,36.84000015258789,259700
2012-02-13,37.36000061035156,37.5,36.31999969482422,36.779998779296875,220200
2012-02-14,37.459999084472656,37.5,36.630001068115234,37.150001525878906,161200
2012-02-15,37.36000061035156,38.459999084472656,36.91999816894531,37.63999938964844,233400
2012-02-16,38.02000045776367,38.18000030517578,36.86000061035156,37.25,96700
2012-02-17,37.86000061035156,38.31999969482422,37.630001068115234,38.31999969482422,113100
2012-02-21,36.540000915527344,38.279998779296875,36.41999816894531,37.970001220703125,114100
2012-02-22,36.189998626708984,36.97999954223633,35.7599983215332,36.279998779296875,104900
2012-02-23,38.849998474121094,38.95000076293945,36.45000076293945,36.5,428400
2012-02-24,38.63999938964844,39.43000030517578,38.5,38.959999084472656,84200
2012-02-27,39.27000045776367,39.91999816894531,37.790000915527344,38.18000030517578,191100
2012-02-28,38.54999923706055,39.66999816894531,37.93000030517578,39.290000915527344,110200
2012-02-29,36.84000015258789,38.86000061035156,36.83000183105469,38.63999938964844,195600
2012-03-01,36.45000076293945,38.25,36.34000015258789,36.91999816894531,237400
2012-03-02,35.68000030517578,37.16999816894531,35.029998779296875,36.56999969482422,138400
2012-03-05,34.540000915527344,36.349998474121094,34.2400016784668,35.52000045776367,201100
2012-03-06,33.68000030517578,34.099998474121094,32.869998931884766,33.91999816894531,273000
2012-03-07,35.0099983215332,35.279998779296875,33.77000045776367,33.77000045776367,196700
2012-03-08,35.380001068115234,35.599998474121094,34.689998626708984,35.529998779296875,76200
2012-03-09,35.77000045776367,36.63999938964844,35.290000915527344,35.5,105300
2012-03-12,35.630001068115234,36.06999969482422,35.349998474121094,35.93000030517578,76900
2012-03-13,36.529998779296875,36.59000015258789,35.689998626708984,36.11000061035156,130500
2012-03-14,36.599998474121094,36.79999923706055,36.380001068115234,36.38999938964844,149000
2012-03-15,37.45000076293945,37.59000015258789,36.15999984741211,36.7599983215332,107700
2012-03-16,36.95000076293945,37.88999938964844,36.810001373291016,37.560001373291016,163100
2012-03-19,37.400001525878906,38.40999984741211,36.709999084472656,36.97999954223633,136000
2012-03-20,36.880001068115234,37.220001220703125,36.209999084472656,37.060001373291016,78900
2012-03-21,36.5099983215332,37.380001068115234,36.36000061035156,37.04999923706055,112400
2012-03-22,36.08000183105469,36.34000015258789,35.31999969482422,36.04999923706055,135900
2012-03-23,36.560001373291016,36.650001525878906,35.45000076293945,36.18000030517578,84800
2012-03-26,36.93000030517578,37.34000015258789,36.5,37.04999923706055,167900
2012-03-27,36.900001525878906,37.689998626708984,36.880001068115234,36.93000030517578,106100
2012-03-28,36.630001068115234,37.33000183105469,36.33000183105469,36.939998626708984,86400
2012-03-29,36.90999984741211,37.029998779296875,35.88999938964844,36.380001068115234,74600
2012-03-30,36.52000045776367,37.290000915527344,36.2400016784668,37.290000915527344,78100
2012-04-02,37.59000015258789,38.279998779296875,36.75,37.18000030517578,234500
2012-04-03,37.75,38.119998931884766,37.2400016784668,37.939998626708984,247600
2012-04-04,36.22999954223633,37.720001220703125,35.88999938964844,37.36000061035156,142200
2012-04-05,35.7599983215332,36.040000915527344,35.58000183105469,35.97999954223633,103600
2012-04-09,35.11000061035156,35.59000015258789,34.54999923706055,35.18000030517578,160600
2012-04-10,33.689998626708984,35.18000030517578,33.52000045776367,35.18000030517578,176700
2012-04-11,34.380001068115234,34.560001373291016,34.02000045776367,34.20000076293945,131400
2012-04-12,36.04999923706055,36.40999984741211,34.5,34.59000015258789,308800
2012-04-13,35.97999954223633,36.34000015258789,34.790000915527344,35.79999923706055,171900
2012-04-16,41.209999084472656,45.47999954223633,40.290000915527344,41.290000915527344,1690400
2012-04-17,42.869998931884766,44.15999984741211,41.63999938964844,42.38999938964844,784400
2012-04-18,43.65999984741211,44.18000030517578,42.279998779296875,42.7599983215332,403300
2012-04-19,50.72999954223633,50.95000076293945,43.4900016784668,44.04999923706055,1377000
2012-04-20,47.849998474121094,53.38999938964844,47.61000061035156,51.52000045776367,857600
2012-04-23,47.869998931884766,48.91999816894531,46.619998931884766,47.81999969482422,480400
2012-04-24,49.79999923706055,50.70000076293945,47.59000015258789,48.08000183105469,582800
2012-04-25,50.880001068115234,52.2400016784668,50.34000015258789,50.779998779296875,889600
2012-04-26,51.08000183105469,51.900001525878906,50.599998474121094,50.88999938964844,305200
2012-04-27,51.97999954223633,53.29999923706055,50.83000183105469,51.45000076293945,658500
2012-04-30,51.209999084472656,52.5,51.08000183105469,52.11000061035156,226000
2012-05-01,52.2400016784668,53.040000915527344,51.06999969482422,51.22999954223633,497000
2012-05-02,52.310001373291016,53.119998931884766,51.52000045776367,52.58000183105469,296000
2012-05-03,51.400001525878906,52.630001068115234,50.33000183105469,52.630001068115234,463600
2012-05-04,50.560001373291016,51.29999923706055,50.2400016784668,51.150001525878906,292900
2012-05-07,51.61000061035156,52.38999938964844,50.0,50.41999816894531,288000
2012-05-08,50.63999938964844,51.65999984741211,49.209999084472656,51.2400016784668,318100
2012-05-09,49.61000061035156,50.9900016784668,46.709999084472656,50.97999954223633,455600
2012-05-10,50.29999923706055,52.279998779296875,49.790000915527344,52.25,303000
2012-05-11,49.459999084472656,50.75,49.33000183105469,49.5,281400
2012-05-14,50.36000061035156,51.83000183105469,48.68000030517578,48.9900016784668,398500
2012-05-15,49.41999816894531,51.11000061035156,48.84000015258789,50.060001373291016,290000
2012-05-16,48.7400016784668,50.29999923706055,48.560001373291016,49.66999816894531,165100
2012-05-17,48.189998626708984,49.4900016784668,47.619998931884766,48.56999969482422,274700
2012-05-18,46.869998931884766,48.95000076293945,46.779998779296875,48.2400016784668,782500
2012-05-21,48.900001525878906,49.209999084472656,46.91999816894531,47.439998626708984,469300
2012-05-22,51.52000045776367,52.06999969482422,48.88999938964844,48.970001220703125,378700
2012-05-23,54.4900016784668,54.959999084472656,50.529998779296875,50.560001373291016,636000
2012-05-24,52.119998931884766,54.47999954223633,51.150001525878906,54.099998474121094,402700
2012-05-25,48.970001220703125,51.56999969482422,47.59000015258789,51.52000045776367,557000
2012-05-29,48.65999984741211,50.189998626708984,48.290000915527344,49.869998931884766,281300
2012-05-30,48.34000015258789,48.970001220703125,47.75,48.189998626708984,197300
2012-05-31,47.52000045776367,48.310001373291016,46.40999984741211,48.310001373291016,365100
2012-06-01,44.099998474121094,46.25,44.0099983215332,46.25,377800
2012-06-04,43.86000061035156,44.72999954223633,43.16999816894531,44.220001220703125,411000
2012-06-05,44.61000061035156,44.790000915527344,42.709999084472656,43.93000030517578,273200
2012-06-06,47.119998931884766,47.189998626708984,44.7400016784668,44.75,461800
2012-06-07,45.779998779296875,48.29999923706055,45.56999969482422,47.959999084472656,245700
2012-06-08,46.88999938964844,47.7599983215332,44.779998779296875,45.54999923706055,225300
2012-06-11,46.279998779296875,49.0,46.189998626708984,49.0,285000
2012-06-12,45.97999954223633,46.459999084472656,44.95000076293945,46.459999084472656,217000
2012-06-13,44.79999923706055,46.369998931884766,44.529998779296875,45.66999816894531,171200
2012-06-14,44.54999923706055,45.83000183105469,44.0,44.599998474121094,149400
2012-06-15,46.4900016784668,46.689998626708984,44.650001525878906,44.650001525878906,286000
2012-06-18,47.869998931884766,48.47999954223633,46.5099983215332,46.54999923706055,199800
2012-06-19,48.0,50.72999954223633,47.790000915527344,48.04999923706055,641100
2012-06-20,47.029998779296875,48.25,46.2400016784668,48.11000061035156,257900
2012-06-21,44.650001525878906,47.040000915527344,44.310001373291016,46.939998626708984,393200
2012-06-22,45.47999954223633,46.38999938964844,44.5,44.95000076293945,282400
2012-06-25,43.869998931884766,45.18000030517578,43.68000030517578,44.599998474121094,184700
2012-06-26,44.959999084472656,45.33000183105469,43.790000915527344,43.790000915527344,172600
2012-06-27,47.380001068115234,50.5099983215332,45.18000030517578,45.18000030517578,809300
2012-06-28,47.13999938964844,47.470001220703125,45.58000183105469,47.0,219200
2012-06-29,49.5,49.689998626708984,47.43000030517578,48.66999816894531,244700
2012-07-02,49.5,50.47999954223633,48.029998779296875,50.0,246400
2012-07-03,51.2400016784668,52.0,49.11000061035156,49.93000030517578,316900
2012-07-05,54.0,54.369998931884766,51.5099983215332,51.650001525878906,537200
2012-07-06,52.31999969482422,53.88999938964844,51.70000076293945,53.790000915527344,280000
2012-07-09,52.77000045776367,53.09000015258789,51.70000076293945,52.40999984741211,404600
2012-07-10,50.790000915527344,54.0,50.529998779296875,53.220001220703125,375900
2012-07-11,48.400001525878906,51.45000076293945,47.81999969482422,50.81999969482422,346000
2012-07-12,47.38999938964844,48.15999984741211,45.97999954223633,47.56999969482422,353000
2012-07-13,47.540000915527344,48.470001220703125,46.83000183105469,47.52000045776367,169700
2012-07-16,51.349998474121094,51.70000076293945,47.2599983215332,47.459999084472656,559600
2012-07-17,51.939998626708984,52.290000915527344,50.09000015258789,51.619998931884766,267600
2012-07-18,58.56999969482422,58.720001220703125,51.310001373291016,51.939998626708984,1078700
2012-07-19,54.81999969482422,58.869998931884766,54.08000183105469,58.810001373291016,939400
2012-07-20,56.63999938964844,57.72999954223633,54.0,54.5,512600
2012-07-23,55.709999084472656,56.70000076293945,52.619998931884766,55.5,413600
2012-07-24,54.61000061035156,56.97999954223633,53.599998474121094,56.209999084472656,274800
2012-07-25,55.72999954223633,55.900001525878906,54.0,55.2599983215332,252100
2012-07-26,56.65999984741211,57.33000183105469,52.790000915527344,53.02000045776367,482700
2012-07-27,61.65999984741211,62.75,57.31999969482422,57.31999969482422,696700
2012-07-30,62.2599983215332,63.95000076293945,61.06999969482422,62.040000915527344,645900
2012-07-31,61.279998779296875,62.38999938964844,60.150001525878906,62.0,429900
2012-08-01,59.619998931884766,64.33999633789062,58.09000015258789,61.7400016784668,936200
2012-08-02,61.720001220703125,61.86000061035156,58.349998474121094,59.220001220703125,346500
2012-08-03,63.63999938964844,64.80000305175781,62.060001373291016,62.189998626708984,382900
2012-08-06,66.63999938964844,67.70999908447266,63.90999984741211,64.66000366210938,443500
2012-08-07,67.06999969482422,69.62999725341797,66.98999786376953,66.98999786376953,415900
2012-08-08,66.7300033569336,67.68000030517578,66.4000015258789,66.77999877929688,441300
2012-08-09,66.62999725341797,67.25,65.68000030517578,66.5,540800
2012-08-10,67.19999694824219,67.41000366210938,66.13999938964844,66.4800033569336,230600
2012-08-13,67.18000030517578,67.91999816894531,65.68000030517578,67.5,443600
2012-08-14,64.86000061035156,67.31999969482422,64.19999694824219,67.19999694824219,553900
2012-08-15,64.94999694824219,65.97000122070312,64.3499984741211,64.80000305175781,283500
2012-08-16,65.48999786376953,65.6500015258789,64.30999755859375,64.76000213623047,291900
2012-08-17,68.54000091552734,68.58999633789062,65.33999633789062,65.5,399900
2012-08-20,71.9800033569336,72.41999816894531,68.75,68.80999755859375,588400
2012-08-21,68.56999969482422,73.31999969482422,67.30000305175781,72.25,896900
2012-08-22,66.95999908447266,68.52999877929688,66.22000122070312,68.41999816894531,511600
2012-08-23,67.5199966430664,68.41999816894531,66.5999984741211,67.19999694824219,224800
2012-08-24,62.58000183105469,67.31999969482422,61.52000045776367,67.0199966430664,1126000
2012-08-27,62.0,63.38999938964844,60.77000045776367,63.040000915527344,536800
2012-08-28,65.93000030517578,66.0,62.0,62.0,594700
2012-08-29,69.23999786376953,70.0,66.22000122070312,66.37000274658203,785200
2012-08-30,65.5,68.98999786376953,65.5,68.80999755859375,493100
2012-08-31,64.66000366210938,67.0,64.30000305175781,66.55000305175781,382600
2012-09-04,66.05000305175781,66.81999969482422,64.51000213623047,65.0,308900
2012-09-05,64.86000061035156,66.72000122070312,64.0,65.88999938964844,240900
2012-09-06,63.9900016784668,65.73999786376953,63.619998931884766,65.58999633789062,324100
2012-09-07,62.93000030517578,64.5,61.279998779296875,64.41000366210938,655300
2012-09-10,63.68000030517578,65.0,62.56999969482422,63.0,689600
2012-09-11,62.29999923706055,63.970001220703125,61.2400016784668,63.959999084472656,377200
2012-09-12,64.7300033569336,64.80999755859375,59.31999969482422,62.29999923706055,1139800
2012-09-13,63.54999923706055,64.9000015258789,62.75,63.9900016784668,824400
2012-09-14,64.36000061035156,66.69999694824219,63.619998931884766,64.0,790400
2012-09-17,63.650001525878906,65.2300033569336,62.79999923706055,65.05000305175781,493300
2012-09-18,58.84000015258789,63.59000015258789,58.40999984741211,63.279998779296875,4690400
2012-09-19,58.72999954223633,60.79999923706055,56.65999984741211,58.54999923706055,1551400
2012-09-20,58.52000045776367,58.689998626708984,56.380001068115234,58.11000061035156,654600
2012-09-21,58.68000030517578,59.849998474121094,58.27000045776367,59.11000061035156,651600
2012-09-24,57.220001220703125,58.130001068115234,55.75,58.0099983215332,791500
2012-09-25,56.630001068115234,59.65999984741211,56.58000183105469,57.540000915527344,739600
2012-09-26,54.47999954223633,56.970001220703125,53.529998779296875,56.599998474121094,733200
2012-09-27,56.75,57.27000045776367,53.59000015258789,54.65999984741211,792500
2012-09-28,54.400001525878906,56.41999816894531,54.0,56.11000061035156,596800
2012-10-01,54.65999984741211,56.27000045776367,54.29999923706055,55.04999923706055,552900
2012-10-02,56.54999923706055,56.689998626708984,53.84000015258789,54.90999984741211,564500
2012-10-03,60.20000076293945,61.31999969482422,58.0,58.29999923706055,1118100
2012-10-04,62.029998779296875,62.04999923706055,60.18000030517578,61.34000015258789,521300
2012-10-05,62.380001068115234,64.27999877929688,61.619998931884766,62.0099983215332,608400
2012-10-08,60.349998474121094,62.5,59.439998626708984,62.33000183105469,346300
2012-10-09,59.08000183105469,60.91999816894531,58.83000183105469,60.33000183105469,276400
2012-10-10,60.06999969482422,60.11000061035156,58.349998474121094,58.90999984741211,273400
2012-10-11,59.4900016784668,61.20000076293945,58.90999984741211,60.58000183105469,228100
2012-10-12,62.7400016784668,62.79999923706055,59.150001525878906,59.220001220703125,340400
2012-10-15,63.880001068115234,63.9900016784668,61.04999923706055,62.81999969482422,508600
2012-10-16,64.51000213623047,65.30999755859375,64.02999877929688,64.19999694824219,427800
2012-10-17,63.970001220703125,65.05999755859375,63.439998626708984,64.44000244140625,421800
2012-10-18,63.70000076293945,64.37000274658203,63.08000183105469,64.01000213623047,359000
2012-10-19,62.060001373291016,63.310001373291016,60.880001068115234,63.04999923706055,596600
2012-10-22,62.529998779296875,62.939998626708984,61.619998931884766,62.04999923706055,219400
2012-10-23,61.88999938964844,62.380001068115234,60.61000061035156,61.619998931884766,319100
2012-10-24,61.650001525878906,62.209999084472656,60.31999969482422,61.7400016784668,212000
2012-10-25,66.48999786376953,66.97000122070312,63.4900016784668,63.65999984741211,776700
2012-10-26,68.31999969482422,68.47000122070312,66.0,66.51000213623047,630100
2012-10-31,66.66999816894531,69.08000183105469,66.33000183105469,68.69000244140625,528200
2012-11-01,67.58999633789062,68.33999633789062,66.70999908447266,67.30000305175781,356500
2012-11-02,59.20000076293945,68.0,59.029998779296875,67.79000091552734,1557800
2012-11-05,62.16999816894531,62.470001220703125,57.77000045776367,60.41999816894531,615700
2012-11-06,62.560001373291016,63.59000015258789,61.91999816894531,62.13999938964844,346600
2012-11-07,62.2400016784668,62.75,59.02000045776367,61.560001373291016,462000
2012-11-08,64.31999969482422,65.5,61.75,62.189998626708984,476900
2012-11-09,65.70999908447266,66.54000091552734,62.790000915527344,63.880001068115234,390200
2012-11-12,64.8499984741211,66.41999816894531,63.91999816894531,65.83999633789062,496800
2012-11-13,65.2300033569336,66.33999633789062,64.7300033569336,66.12000274658203,407800
2012-11-14,63.599998474121094,65.63999938964844,63.36000061035156,65.4000015258789,341400
2012-11-15,61.91999816894531,64.31999969482422,61.5,63.5099983215332,393700
2012-11-16,63.439998626708984,63.599998474121094,59.68000030517578,61.7599983215332,440500
2012-11-19,66.56999969482422,66.93000030517578,64.38999938964844,64.76000213623047,379900
2012-11-20,66.54000091552734,66.83000183105469,66.04000091552734,66.54000091552734,288300
2012-11-21,69.56999969482422,69.9000015258789,66.58999633789062,66.63999938964844,528400
2012-11-23,70.77999877929688,71.73999786376953,69.5999984741211,70.0,257400
2012-11-26,75.97000122070312,76.4800033569336,71.13999938964844,71.5,1318500
2012-11-27,75.6500015258789,77.1500015258789,74.37999725341797,75.93000030517578,518700
2012-11-28,78.30000305175781,78.7300033569336,74.68000030517578,75.41999816894531,640300
2012-11-29,77.02999877929688,79.25,76.72000122070312,78.93000030517578,480600
2012-11-30,74.94999694824219,78.22000122070312,73.37000274658203,77.18000030517578,605500
2012-12-03,70.05000305175781,76.0,70.0199966430664,76.0,3621700
2012-12-04,69.0,69.80000305175781,65.62000274658203,66.25,2524400
2012-12-05,68.2300033569336,69.0,68.0,68.8499984741211,671900
2012-12-06,70.62000274658203,71.7300033569336,67.58999633789062,67.80999755859375,477100
2012-12-07,72.88999938964844,73.25,70.5,71.0,656800
2012-12-10,72.30999755859375,74.16000366210938,72.05999755859375,72.88999938964844,445600
2012-12-11,72.0,72.98999786376953,71.7300033569336,72.16999816894531,260500
2012-12-12,71.72000122070312,72.56999969482422,70.18000030517578,72.56999969482422,367600
2012-12-13,70.45999908447266,71.98999786376953,69.43000030517578,71.2300033569336,329100
2012-12-14,68.30999755859375,70.38999938964844,67.4800033569336,69.63999938964844,317000
2012-12-17,70.98999786376953,71.19999694824219,69.22000122070312,69.88999938964844,513900
2012-12-18,75.2699966430664,75.95999908447266,72.20999908447266,72.94000244140625,687100
2012-12-19,77.31999969482422,78.69999694824219,75.62999725341797,76.51000213623047,941700
2012-12-20,79.22000122070312,79.44999694824219,76.5999984741211,78.19999694824219,564200
2012-12-21,79.5,79.5,76.0,76.81999969482422,564900
2012-12-24,80.75,81.16000366210938,78.80999755859375,79.38999938964844,285800
2012-12-26,77.36000061035156,81.98999786376953,77.13999938964844,81.37000274658203,571500
2012-12-27,75.19000244140625,77.54000091552734,74.5,77.30000305175781,691000
2012-12-28,77.9000015258789,79.1500015258789,73.87999725341797,74.5199966430664,593800
2012-12-31,80.1500015258789,80.47000122070312,77.68000030517578,78.95999908447266,347100
2013-01-02,81.41000366210938,84.4000015258789,81.26000213623047,83.4800033569336,709800
2013-01-03,81.91000366210938,82.2699966430664,81.0199966430664,81.6500015258789,452400
2013-01-04,82.25,82.4800033569336,80.9000015258789,82.29000091552734,1304700
2013-01-07,85.0199966430664,85.87000274658203,83.0,83.3499984741211,661500
2013-01-08,84.36000061035156,85.6500015258789,81.19999694824219,85.19999694824219,610900
2013-01-09,86.69999694824219,87.8499984741211,83.66999816894531,84.36000061035156,505500
2013-01-10,83.58000183105469,87.0,81.9000015258789,87.0,903800
2013-01-11,84.31999969482422,85.81999969482422,84.02999877929688,84.30999755859375,430900
2013-01-14,83.19999694824219,86.0,81.77999877929688,85.48999786376953,399300
2013-01-15,84.48999786376953,84.7699966430664,82.0999984741211,82.83999633789062,316000
2013-01-16,84.48999786376953,84.88999938964844,84.0,84.41999816894531,265100
2013-01-17,85.94999694824219,87.23999786376953,85.0,85.2300033569336,607900
2013-01-18,89.69000244140625,89.81999969482422,85.41000366210938,86.1500015258789,701400
2013-01-22,89.52999877929688,92.30000305175781,89.30999755859375,91.7300033569336,1188500
2013-01-23,86.51000213623047,90.48999786376953,85.4000015258789,90.4000015258789,893600
2013-01-24,85.30000305175781,87.69000244140625,83.33000183105469,86.4000015258789,837200
2013-01-25,87.11000061035156,88.8499984741211,85.61000061035156,85.61000061035156,762600
2013-01-28,78.47000122070312,87.69999694824219,77.62999725341797,87.19000244140625,2216900
2013-01-29,79.23999786376953,81.38999938964844,76.4000015258789,77.22000122070312,917300
2013-01-30,77.25,81.05000305175781,76.58000183105469,80.5999984741211,1053100
2013-01-31,78.4800033569336,79.47000122070312,74.08999633789062,77.25,813600
2013-02-01,80.76000213623047,82.11000061035156,78.13999938964844,79.1500015258789,626200
2013-02-04,79.33999633789062,82.0,77.88999938964844,81.0,409800
2013-02-05,80.56999969482422,82.3499984741211,79.55000305175781,79.80000305175781,545800
2013-02-06,83.4000015258789,83.62000274658203,79.75,81.29000091552734,753700
2013-02-07,82.33999633789062,83.38999938964844,79.73999786376953,83.30000305175781,515100
2013-02-08,81.58000183105469,84.0999984741211,81.48999786376953,82.58999633789062,386200
2013-02-11,80.66000366210938,82.45999908447266,80.16000366210938,82.0,334500
2013-02-12,75.5199966430664,81.62000274658203,75.26000213623047,80.5,937100
2013-02-13,75.80999755859375,77.56999969482422,73.5199966430664,76.2699966430664,1067000
2013-02-14,71.19999694824219,75.5,69.25,75.5,2254900
2013-02-15,68.62000274658203,71.7699966430664,68.0,71.0,1389100
2013-02-19,69.5,70.27999877929688,67.31999969482422,69.0,833300
2013-02-20,68.30999755859375,70.69999694824219,68.05000305175781,69.5,840900
2013-02-21,66.1500015258789,67.91000366210938,64.73999786376953,67.91000366210938,1182400
2013-02-22,67.3499984741211,68.01000213623047,66.0999984741211,66.55000305175781,596900
2013-02-25,63.79999923706055,66.68000030517578,60.790000915527344,63.15999984741211,2378000
2013-02-26,62.5,64.3499984741211,60.20000076293945,64.05000305175781,1091800
2013-02-27,63.939998626708984,65.25,62.0,62.5,659200
2013-02-28,63.11000061035156,64.0,61.150001525878906,63.880001068115234,1236400
2013-03-01,64.26000213623047,64.80000305175781,61.619998931884766,61.97999954223633,915200
2013-03-04,68.81999969482422,72.69000244140625,67.52999877929688,70.0,3755400
2013-03-05,68.16000366210938,74.16999816894531,67.88999938964844,70.11000061035156,2446900
2013-03-06,66.98999786376953,68.79000091552734,65.29000091552734,68.04000091552734,1307700
2013-03-07,68.9000015258789,70.44999694824219,66.33999633789062,66.91000366210938,1087800
2013-03-08,69.94999694824219,70.76000213623047,67.54000091552734,69.33000183105469,688200
2013-03-11,69.5199966430664,70.25,68.58999633789062,69.76000213623047,414800
2013-03-12,68.58999633789062,70.48999786376953,68.30000305175781,69.26000213623047,476300
2013-03-13,71.19999694824219,71.79000091552734,68.01000213623047,68.18000030517578,1088100
2013-03-14,73.25,73.37999725341797,70.41000366210938,71.33999633789062,941400
2013-03-15,69.61000061035156,73.0,69.47000122070312,72.97000122070312,927700
2013-03-18,69.69999694824219,70.25,67.02999877929688,68.48999786376953,597500
2013-03-19,68.63999938964844,70.6500015258789,68.26000213623047,69.76000213623047,414700
2013-03-20,70.62000274658203,71.48999786376953,68.68000030517578,68.98999786376953,336500
2013-03-21,72.30999755859375,72.55000305175781,69.79000091552734,69.94999694824219,357000
2013-03-22,74.80000305175781,76.61000061035156,72.55000305175781,72.9000015258789,987200
2013-03-25,73.12000274658203,76.47000122070312,71.81999969482422,75.58000183105469,495700
2013-03-26,73.0999984741211,74.72000122070312,72.52999877929688,73.43000030517578,273400
2013-03-27,73.5199966430664,74.45999908447266,71.27999877929688,72.45999908447266,301600
2013-03-28,74.22000122070312,74.94000244140625,73.48999786376953,74.56999969482422,299600
2013-04-01,74.1500015258789,75.79000091552734,73.86000061035156,74.93000030517578,396100
2013-04-02,72.38999938964844,75.48999786376953,72.12000274658203,75.0,358900
2013-04-03,70.0199966430664,73.05000305175781,69.2300033569336,72.37000274658203,658000
2013-04-04,70.72000122070312,70.88999938964844,69.37000274658203,69.62999725341797,256600
2013-04-05,69.44999694824219,70.75,69.2699966430664,69.43000030517578,324300
2013-04-08,68.33000183105469,70.23999786376953,67.91999816894531,69.25,316900
2013-04-09,73.04000091552734,73.9800033569336,69.13999938964844,69.54000091552734,662500
2013-04-10,78.37999725341797,78.95999908447266,73.23999786376953,73.30000305175781,1080000
2013-04-11,77.55000305175781,81.44999694824219,77.11000061035156,77.43000030517578,1016600
2013-04-12,77.2300033569336,78.80999755859375,75.1500015258789,77.08999633789062,611300
2013-04-15,73.91999816894531,78.5,73.61000061035156,77.02999877929688,582800
2013-04-16,75.76000213623047,76.4800033569336,74.26000213623047,75.02999877929688,472900
2013-04-17,73.97000122070312,74.97000122070312,71.72000122070312,74.51000213623047,463100
2013-04-18,70.5199966430664,75.16999816894531,70.0,75.0,421200
2013-04-19,70.69999694824219,71.9800033569336,69.95999908447266,70.25,228100
2013-04-22,71.30999755859375,71.66000366210938,69.5999984741211,70.95999908447266,359000
2013-04-23,75.5,75.66000366210938,71.66999816894531,71.66999816894531,501000
2013-04-24,76.11000061035156,77.4000015258789,75.87999725341797,75.91999816894531,443100
2013-04-25,76.61000061035156,77.19999694824219,75.62000274658203,75.80999755859375,306900
2013-04-26,75.97000122070312,76.77999877929688,74.5,76.13999938964844,372900
2013-04-29,79.0,79.75,76.0,76.6500015258789,492000
2013-04-30,83.05000305175781,83.4000015258789,78.31999969482422,79.47000122070312,806600
2013-05-01,79.80000305175781,82.98999786376953,78.73999786376953,82.81999969482422,518800
2013-05-02,81.76000213623047,82.29000091552734,80.0999984741211,80.52999877929688,479800
2013-05-03,83.52999877929688,84.98999786376953,83.02999877929688,83.86000061035156,580500
2013-05-06,83.08999633789062,86.97000122070312,82.73999786376953,84.19999694824219,757400
2013-05-07,83.0,83.91999816894531,80.69999694824219,83.81999969482422,534200
2013-05-08,83.06999969482422,84.5,82.58000183105469,83.16999816894531,569800
2013-05-09,82.19999694824219,84.30000305175781,82.01000213623047,83.19000244140625,449500
2013-05-10,83.38999938964844,85.41000366210938,83.0,83.19999694824219,1112200
2013-05-13,85.33999633789062,86.4800033569336,80.4000015258789,85.41000366210938,2333900
2013-05-14,90.2699966430664,94.9000015258789,87.0999984741211,87.23999786376953,2788600
2013-05-15,90.9000015258789,92.7699966430664,88.0999984741211,89.37999725341797,958200
2013-05-16,86.37999725341797,90.7300033569336,85.68000030517578,88.19999694824219,1022200
2013-05-17,88.01000213623047,89.22000122070312,86.4000015258789,87.2300033569336,596700
2013-05-20,91.30000305175781,92.87000274658203,87.7300033569336,87.7300033569336,816600
2013-05-21,90.38999938964844,92.9000015258789,88.68000030517578,92.41999816894531,610000
2013-05-22,83.91999816894531,90.68000030517578,81.58999633789062,90.44999694824219,1152900
2013-05-23,85.93000030517578,86.44000244140625,81.63999938964844,82.55999755859375,818400
2013-05-24,85.0999984741211,86.4000015258789,83.2699966430664,85.47000122070312,396800
2013-05-28,87.58000183105469,88.98999786376953,86.55000305175781,87.95999908447266,532000
2013-05-29,87.23999786376953,89.0,85.62999725341797,87.0,391700
2013-05-30,88.48999786376953,89.7300033569336,87.26000213623047,87.31999969482422,449400
2013-05-31,84.05000305175781,90.4000015258789,83.9000015258789,88.19000244140625,716200
2013-06-03,80.1500015258789,83.4000015258789,75.55999755859375,83.3499984741211,1840900
2013-06-04,77.58000183105469,81.0,77.0,80.1500015258789,956300
2013-06-05,76.51000213623047,77.70999908447266,74.54000091552734,76.75,863600
2013-06-06,79.58999633789062,79.69000244140625,76.66999816894531,77.5,801200
2013-06-07,78.4800033569336,81.0,78.16999816894531,79.62000274658203,471200
2013-06-10,82.6500015258789,84.37999725341797,79.30999755859375,80.11000061035156,1092800
2013-06-11,82.55999755859375,84.37000274658203,81.01000213623047,82.18000030517578,786000
2013-06-12,81.80999755859375,83.97000122070312,81.0199966430664,83.04000091552734,352900
2013-06-13,83.23999786376953,83.45999908447266,81.0,81.62999725341797,470000
2013-06-14,84.16000366210938,86.4000015258789,83.41999816894531,83.47000122070312,499500
2013-06-17,86.9800033569336,87.0,85.0999984741211,85.83999633789062,664100
2013-06-18,86.12000274658203,87.87999725341797,85.4000015258789,87.47000122070312,510700
2013-06-19,84.5999984741211,86.12999725341797,83.79000091552734,86.12999725341797,453600
2013-06-20,85.5999984741211,87.98999786376953,84.05000305175781,85.91000366210938,1374100
2013-06-21,82.1500015258789,87.47000122070312,79.69000244140625,87.30000305175781,917500
2013-06-24,79.19000244140625,82.0999984741211,77.79000091552734,82.0999984741211,933200
2013-06-25,80.66999816894531,81.93000030517578,79.83000183105469,80.0,616900
2013-06-26,82.5199966430664,83.0,80.19999694824219,81.33999633789062,591600
2013-06-27,83.19000244140625,84.12999725341797,81.5999984741211,83.9800033569336,585400
2013-06-28,83.73999786376953,84.2699966430664,82.04000091552734,83.05999755859375,469500
2013-07-01,85.12000274658203,86.62000274658203,83.1500015258789,84.4000015258789,637800
2013-07-02,84.9000015258789,86.01000213623047,83.41000366210938,85.9800033569336,356900
2013-07-03,84.30000305175781,85.1500015258789,83.02999877929688,84.44000244140625,294500
2013-07-05,90.91999816894531,91.0,84.83000183105469,85.93000030517578,1299100
2013-07-08,90.3499984741211,94.0,90.27999877929688,94.0,1452200
2013-07-09,87.7300033569336,91.0,87.4000015258789,91.0,1206300
2013-07-10,93.12999725341797,93.12999725341797,87.1500015258789,88.12000274658203,1103000
2013-07-11,93.47000122070312,95.75,91.41999816894531,93.9000015258789,1130900
2013-07-12,92.31999969482422,94.0,91.58999633789062,93.81999969482422,612700
2013-07-15,95.16000366210938,96.44000244140625,91.5999984741211,92.4800033569336,788500
2013-07-16,89.41999816894531,95.16000366210938,89.18000030517578,95.16000366210938,1799100
2013-07-17,91.08999633789062,91.9800033569336,90.02999877929688,90.75,442400
2013-07-18,89.54000091552734,91.94999694824219,89.0999984741211,91.94999694824219,518100
2013-07-19,90.06999969482422,90.0999984741211,87.6500015258789,89.5,428100
2013-07-22,90.2699966430664,92.18000030517578,88.76000213623047,90.80000305175781,437900
2013-07-23,87.69000244140625,91.02999877929688,87.19999694824219,90.5999984741211,535600
2013-07-24,86.66999816894531,89.47000122070312,85.94999694824219,88.5999984741211,354400
2013-07-25,89.55000305175781,89.58000183105469,86.11000061035156,86.47000122070312,315000
2013-07-26,88.1500015258789,89.7300033569336,87.87000274658203,89.7300033569336,371800
2013-07-29,92.31999969482422,93.44999694824219,88.4000015258789,89.48999786376953,1006300
2013-07-30,87.44999694824219,92.95999908447266,86.91000366210938,92.95999908447266,1254800
2013-07-31,88.6500015258789,90.0,88.08000183105469,88.97000122070312,683900
2013-08-01,90.4000015258789,90.87999725341797,88.77999877929688,90.05000305175781,578600
2013-08-02,90.0,91.5,88.56999969482422,91.4000015258789,565000
2013-08-05,90.58999633789062,91.6500015258789,89.70999908447266,90.44999694824219,361500
2013-08-06,87.0199966430664,91.12999725341797,86.51000213623047,90.6500015258789,619000
2013-08-07,86.16000366210938,87.11000061035156,83.0,86.51000213623047,1045900
2013-08-08,98.26000213623047,99.5,87.1500015258789,88.0999984741211,3448000
2013-08-09,95.04000091552734,97.80000305175781,94.76000213623047,97.51000213623047,1614700
2013-08-12,103.11000061035156,103.5,94.5,94.5,1640200
2013-08-13,102.44000244140625,104.33999633789062,100.5,103.0,1013300
2013-08-14,100.3499984741211,102.36000061035156,100.20999908447266,101.9000015258789,582500
2013-08-15,96.77999877929688,99.5,95.43000030517578,98.12999725341797,747100
2013-08-16,99.2300033569336,100.0,96.69999694824219,97.5999984741211,637500
2013-08-19,105.19999694824219,107.12999725341797,100.05000305175781,100.98999786376953,1614600
2013-08-20,105.12000274658203,106.16000366210938,103.5,106.0999984741211,748700
2013-08-21,104.51000213623047,105.16000366210938,102.94000244140625,104.9000015258789,507000
2013-08-22,105.77999877929688,105.97000122070312,103.93000030517578,105.19000244140625,334200
2013-08-23,105.81999969482422,107.0,104.95999908447266,106.33999633789062,394100
2013-08-26,110.04000091552734,113.48999786376953,108.20999908447266,108.37000274658203,1176900
2013-08-27,104.23999786376953,108.63999938964844,103.04000091552734,108.63999938964844,1287400
2013-08-28,104.87999725341797,108.11000061035156,104.5,104.77999877929688,702700
2013-08-29,109.23999786376953,109.72000122070312,106.01000213623047,106.37000274658203,715200
2013-08-30,107.2699966430664,110.0,106.51000213623047,109.80000305175781,419500
2013-09-03,110.26000213623047,112.83000183105469,108.0,111.0,1085700
2013-09-04,107.44999694824219,109.97000122070312,104.25,109.2300033569336,1449300
2013-09-05,107.05999755859375,109.79000091552734,106.80999755859375,108.98999786376953,587700
2013-09-06,106.37999725341797,108.94999694824219,104.3499984741211,108.06999969482422,753000
2013-09-09,105.22000122070312,107.95999908447266,102.33999633789062,107.47000122070312,844500
2013-09-10,103.80000305175781,104.4000015258789,102.26000213623047,104.30999755859375,929200
2013-09-11,102.98999786376953,104.0,101.80999755859375,103.79000091552734,599600
2013-09-12,97.79000091552734,103.0,97.1500015258789,102.30999755859375,1672900
2013-09-13,92.31999969482422,94.69999694824219,91.94999694824219,93.1500015258789,7151800
2013-09-16,93.44999694824219,97.38999938964844,92.5,93.51000213623047,2532000
2013-09-17,96.81999969482422,96.83999633789062,93.5999984741211,95.0,1618800
2013-09-18,97.70999908447266,98.5,95.33000183105469,97.94999694824219,1366100
2013-09-19,99.1500015258789,99.58999633789062,96.62000274658203,98.44999694824219,1341900
2013-09-20,99.48999786376953,101.13999938964844,98.51000213623047,100.01000213623047,1173800
2013-09-23,98.2300033569336,101.0,96.27999877929688,101.0,1112400
2013-09-24,100.55999755859375,102.0,97.80000305175781,98.19999694824219,1221300
2013-09-25,101.62000274658203,102.41000366210938,100.02999877929688,100.7300033569336,756900
2013-09-26,103.94000244140625,105.37999725341797,101.55000305175781,102.5,1153300
2013-09-27,101.47000122070312,104.22000122070312,100.55000305175781,104.22000122070312,763400
2013-09-30,101.26000213623047,103.19999694824219,98.0,99.9800033569336,698100
2013-10-01,104.08999633789062,104.23999786376953,100.7300033569336,101.27999877929688,590300
2013-10-02,103.5,104.94000244140625,102.41999816894531,103.4800033569336,546400
2013-10-03,99.80999755859375,103.80999755859375,97.4000015258789,103.5,1062200
2013-10-04,99.61000061035156,101.1500015258789,99.01000213623047,100.83000183105469,794700
2013-10-07,97.38999938964844,99.41000366210938,95.66999816894531,98.62999725341797,1109300
2013-10-08,93.91999816894531,98.69999694824219,92.88999938964844,98.12000274658203,1262100
2013-10-09,92.77999877929688,94.95999908447266,89.9000015258789,94.93000030517578,1118500
2013-10-10,99.23999786376953,100.0999984741211,96.0,96.33999633789062,1338800
2013-10-11,102.94000244140625,103.55999755859375,97.20999908447266,99.5,1351500
2013-10-14,104.37000274658203,106.5,102.0,102.5,1441400
2013-10-15,107.51000213623047,107.83000183105469,103.33000183105469,104.3499984741211,1500700
2013-10-16,109.72000122070312,109.86000061035156,106.56999969482422,106.87999725341797,1501400
2013-10-17,109.63999938964844,111.72000122070312,107.0199966430664,109.0,1372700
2013-10-18,110.8499984741211,112.0,108.11000061035156,110.0,1046000
2013-10-21,111.37999725341797,112.94000244140625,110.54000091552734,111.43000030517578,615200
2013-10-22,109.4000015258789,112.2699966430664,105.91000366210938,111.25,1063300
2013-10-23,107.31999969482422,108.58000183105469,105.80999755859375,108.58000183105469,616700
2013-10-24,109.80999755859375,110.1500015258789,106.80000305175781,108.02999877929688,449700
2013-10-25,108.01000213623047,110.48999786376953,107.87999725341797,110.25,383700
2013-10-28,106.13999938964844,108.98999786376953,105.81999969482422,108.2699966430664,480000
2013-10-29,108.93000030517578,109.44999694824219,104.51000213623047,106.11000061035156,988800
2013-10-30,112.66999816894531,112.75,109.12999725341797,110.68000030517578,1072700
2013-10-31,113.27999877929688,115.0,110.08999633789062,112.16000366210938,1012400
2013-11-01,117.5999984741211,117.72000122070312,113.33999633789062,114.19999694824219,1055700
2013-11-04,115.48999786376953,118.5,113.8499984741211,118.0,1000700
2013-11-05,118.38999938964844,120.25,115.66000366210938,115.66999816894531,1728800
2013-11-06,114.3499984741211,120.0,113.04000091552734,120.0,1681000
2013-11-07,118.1500015258789,124.16000366210938,117.4000015258789,119.19999694824219,2934400
2013-11-08,119.05000305175781,121.19999694824219,116.0,119.41999816894531,1364700
2013-11-11,127.12000274658203,128.75,119.54000091552734,119.69999694824219,2165200
2013-11-12,124.2699966430664,126.16999816894531,122.75,125.83999633789062,1325800
2013-11-13,125.3499984741211,126.5999984741211,122.33000183105469,122.9000015258789,866700
2013-11-14,124.0999984741211,127.48999786376953,123.25,127.27999877929688,908200
2013-11-15,124.9800033569336,126.95999908447266,124.31999969482422,125.81999969482422,896400
2013-11-18,128.1699981689453,134.0,125.72000122070312,127.0,2537600
2013-11-19,116.91999816894531,128.5,115.58000183105469,127.79000091552734,2723700
2013-11-20,112.23999786376953,121.04000091552734,108.0,120.05999755859375,3234500
2013-11-21,117.01000213623047,118.0,113.0,113.47000122070312,1510400
2013-11-22,116.97000122070312,120.5,114.37999725341797,120.0,1109000
2013-11-25,117.77999877929688,119.37999725341797,115.80000305175781,118.52999877929688,944100
2013-11-26,118.1500015258789,119.05000305175781,114.58000183105469,117.06999969482422,787500
2013-11-27,118.56999969482422,120.3499984741211,117.25,118.61000061035156,574700
2013-11-29,117.7699966430664,119.75,116.22000122070312,119.75,386400
2013-12-02,118.83999633789062,119.83000183105469,116.5,117.94000244140625,719600
2013-12-03,122.48999786376953,123.5199966430664,119.05999755859375,120.9000015258789,1505800
2013-12-04,122.81999969482422,124.80999755859375,120.2300033569336,123.0,718800
2013-12-05,120.58999633789062,123.44000244140625,119.66000366210938,122.87000274658203,718600
2013-12-06,117.0,122.5,116.62000274658203,121.98999786376953,1164400
2013-12-09,117.66999816894531,118.97000122070312,115.2699966430664,117.16999816894531,864900
2013-12-10,121.26000213623047,121.95999908447266,118.75,119.69999694824219,971900
2013-12-11,118.76000213623047,124.36000061035156,118.41000366210938,123.55000305175781,804400
2013-12-12,119.51000213623047,121.4800033569336,118.19000244140625,119.12000274658203,647200
2013-12-13,119.98999786376953,122.9000015258789,118.2699966430664,120.4800033569336,718200
2013-12-16,117.91999816894531,120.94000244140625,117.0,120.26000213623047,722800
2013-12-17,118.45999908447266,118.94000244140625,115.88999938964844,117.94999694824219,732000
2013-12-18,120.11000061035156,120.12999725341797,116.63999938964844,118.01000213623047,820500
2013-12-19,122.80999755859375,123.93000030517578,119.20999908447266,120.0,933500
2013-12-20,125.87000274658203,128.9199981689453,122.2699966430664,122.81999969482422,1830700
2013-12-23,131.27000427246094,132.3800048828125,127.5,127.5,1165100
2013-12-24,125.91999816894531,131.2100067138672,124.22000122070312,131.0,1208800
2013-12-26,130.3300018310547,131.08999633789062,127.0,127.77999877929688,786900
2013-12-27,129.0,132.80999755859375,127.66999816894531,132.1999969482422,720700
2013-12-30,130.52999877929688,131.19000244140625,129.0,129.27000427246094,453200
2013-12-31,134.6999969482422,134.8699951171875,130.77999877929688,131.3800048828125,856300
2014-01-02,134.00999450683594,135.52000427246094,130.5,135.07000732421875,865400
2014-01-03,136.4600067138672,138.10000610351562,134.5500030517578,134.5500030517578,813100
2014-01-06,127.9800033569336,136.52999877929688,127.66000366210938,136.47000122070312,1843000
2014-01-07,130.9499969482422,131.47000122070312,128.2899932861328,130.99000549316406,1031100
2014-01-08,133.2100067138672,133.60000610351562,130.07000732421875,132.24000549316406,993100
2014-01-09,133.25,135.8800048828125,131.39999389648438,135.8699951171875,625600
2014-01-10,133.64999389648438,134.39999389648438,131.72000122070312,134.0,540500
2014-01-13,130.0,135.3699951171875,129.27999877929688,134.39999389648438,914100
2014-01-14,119.37000274658203,126.41000366210938,113.0,124.33000183105469,5808600
2014-01-15,122.87999725341797,124.97000122070312,119.01000213623047,119.41000366210938,2282600
2014-01-16,124.29000091552734,125.55999755859375,122.36000061035156,123.76000213623047,897800
2014-01-17,120.55999755859375,125.0,119.91999816894531,124.83999633789062,1007700
2014-01-21,123.44999694824219,123.95999908447266,120.75,123.2300033569336,1094700
2014-01-22,125.80000305175781,126.13999938964844,123.08000183105469,124.75,886700
2014-01-23,126.05999755859375,127.2300033569336,123.69999694824219,125.58999633789062,852100
2014-01-24,121.41000366210938,124.63999938964844,118.25,124.63999938964844,1519500
2014-01-27,118.02999877929688,119.95999908447266,111.55000305175781,119.05000305175781,2009500
2014-01-28,121.37000274658203,121.91000366210938,117.37000274658203,118.4000015258789,991500
2014-01-29,119.0,122.26000213623047,117.62000274658203,120.83000183105469,873600
2014-01-30,121.72000122070312,122.97000122070312,119.98999786376953,120.87000274658203,987800
2014-01-31,120.55999755859375,122.9000015258789,119.11000061035156,120.16000366210938,1070600
2014-02-03,114.30999755859375,121.91999816894531,110.83999633789062,120.08999633789062,1835600
2014-02-04,118.02999877929688,118.5,112.80000305175781,114.6500015258789,1117400
2014-02-05,110.75,116.12000274658203,102.20999908447266,108.05999755859375,3853300
2014-02-06,112.19999694824219,114.48999786376953,109.51000213623047,109.8499984741211,1153000
2014-02-07,112.43000030517578,114.8499984741211,110.47000122070312,113.05000305175781,1096100
2014-02-10,112.55999755859375,114.33999633789062,111.04000091552734,112.95999908447266,1009800
2014-02-11,110.77999877929688,113.56999969482422,110.58999633789062,113.33000183105469,908200
2014-02-12,114.80000305175781,115.5999984741211,111.25,111.26000213623047,1293600
2014-02-13,118.2300033569336,118.9800033569336,113.38999938964844,113.95999908447266,1109700
2014-02-14,123.69000244140625,124.55999755859375,120.11000061035156,120.1500015258789,1575000
2014-02-18,125.88999938964844,129.25999450683594,124.63999938964844,124.94000244140625,1817700
2014-02-19,125.83999633789062,127.80000305175781,123.81999969482422,127.58000183105469,1273100
2014-02-20,127.11000061035156,128.33999633789062,124.20999908447266,124.54000091552734,844600
2014-02-21,126.5199966430664,128.88999938964844,126.26000213623047,128.0,713300
2014-02-24,125.30999755859375,127.0,123.31999969482422,126.79000091552734,1064800
2014-02-25,127.61000061035156,128.94000244140625,125.77999877929688,126.20999908447266,1052600
2014-02-26,126.5999984741211,128.7100067138672,125.0199966430664,127.54000091552734,982600
2014-02-27,127.1500015258789,128.4600067138672,125.75,125.9800033569336,921500
2014-02-28,127.12999725341797,131.08999633789062,125.41999816894531,129.1199951171875,1832500
2014-03-03,123.98999786376953,128.14999389648438,122.36000061035156,125.08999633789062,1621900
2014-03-04,123.05000305175781,127.69999694824219,122.76000213623047,125.7699966430664,1057600
2014-03-05,119.08000183105469,123.30999755859375,117.08999633789062,123.19000244140625,1878600
2014-03-06,116.05000305175781,120.68000030517578,115.55000305175781,120.19000244140625,1542400
2014-03-07,114.5,117.5,112.5,117.01000213623047,1548200
2014-03-10,112.41000366210938,113.37999725341797,110.11000061035156,110.16999816894531,1555300
2014-03-11,113.0999984741211,115.19999694824219,112.0999984741211,113.01000213623047,1195300
2014-03-12,114.63999938964844,116.05999755859375,111.26000213623047,112.7699966430664,1119900
2014-03-13,112.69000244140625,116.48999786376953,110.56999969482422,115.22000122070312,1233700
2014-03-14,111.94000244140625,113.11000061035156,109.41999816894531,111.66000366210938,919700
2014-03-17,113.54000091552734,114.5,112.20999908447266,112.41000366210938,634100
2014-03-18,117.29000091552734,117.54000091552734,113.97000122070312,113.97000122070312,896200
2014-03-19,116.2300033569336,117.95999908447266,115.02999877929688,117.91999816894531,653500
2014-03-20,114.33000183105469,116.8499984741211,112.30000305175781,113.23999786376953,956900
2014-03-21,106.44999694824219,114.5,106.12000274658203,114.01000213623047,2002200
2014-03-24,107.0199966430664,111.48999786376953,106.01000213623047,110.27999877929688,1517100
2014-03-25,107.80000305175781,108.66999816894531,106.51000213623047,108.0,900300
2014-03-26,103.63999938964844,108.19999694824219,103.44999694824219,108.0,1357500
2014-03-27,104.05000305175781,106.62999725341797,100.45999908447266,102.88999938964844,1407300
2014-03-28,104.43000030517578,106.75,102.73999786376953,103.5,1025100
2014-03-31,106.08999633789062,107.68000030517578,104.75,105.68000030517578,969500
2014-04-01,110.97000122070312,111.69999694824219,108.04000091552734,108.44999694824219,1152700
2014-04-02,111.80999755859375,114.41000366210938,109.75,113.0,1623400
2014-04-03,112.31999969482422,115.63999938964844,112.19999694824219,112.6500015258789,1629500
2014-04-04,109.37000274658203,115.75,109.19999694824219,113.55000305175781,1930200
2014-04-07,101.54000091552734,108.37999725341797,98.44999694824219,107.06999969482422,2567300
2014-04-08,102.27999877929688,104.19999694824219,99.08999633789062,100.11000061035156,1835600
2014-04-09,104.37000274658203,104.63999938964844,101.37000274658203,102.94999694824219,1210000
2014-04-10,97.29000091552734,105.0,95.66000366210938,104.5,1932200
2014-04-11,94.58000183105469,98.23999786376953,93.69999694824219,95.69999694824219,1707900
2014-04-14,96.77999877929688,100.56999969482422,95.55000305175781,97.16000366210938,1962200
2014-04-15,97.5,98.31999969482422,94.80999755859375,97.37000274658203,1462100
2014-04-16,100.45999908447266,100.5199966430664,96.27999877929688,98.43000030517578,988100
2014-04-17,100.20999908447266,102.3499984741211,97.33999633789062,100.19999694824219,1152200
2014-04-21,101.36000061035156,101.5999984741211,99.58999633789062,100.25,769400
2014-04-22,105.4000015258789,105.91000366210938,101.29000091552734,101.33000183105469,1269200
2014-04-23,102.4000015258789,105.55000305175781,101.06999969482422,105.4000015258789,731300
2014-04-24,102.70999908447266,103.3499984741211,100.33999633789062,103.16000366210938,733500
2014-04-25,99.37999725341797,102.43000030517578,99.02999877929688,101.26000213623047,881800
2014-04-28,97.08000183105469,101.30999755859375,94.25,101.29000091552734,1605600
2014-04-29,94.26000213623047,95.6500015258789,90.6500015258789,94.43000030517578,2648900
2014-04-30,96.87000274658203,97.3499984741211,93.36000061035156,93.36000061035156,1201700
2014-05-01,98.80000305175781,102.16000366210938,96.05000305175781,96.31999969482422,1354100
2014-05-02,97.54000091552734,98.79000091552734,96.01000213623047,98.0,1394900
2014-05-05,99.05000305175781,99.08999633789062,96.37000274658203,96.87999725341797,915200
2014-05-06,96.94999694824219,100.87999725341797,96.54000091552734,98.98999786376953,968700
2014-05-07,94.22000122070312,97.87000274658203,92.87999725341797,97.02999877929688,1191800
2014-05-08,94.31999969482422,97.9000015258789,92.55999755859375,93.3499984741211,1319000
2014-05-09,89.9000015258789,89.91999816894531,85.30000305175781,88.2699966430664,3625300
2014-05-12,89.41999816894531,90.54000091552734,87.0199966430664,89.63999938964844,1770500
2014-05-13,89.5999984741211,91.66999816894531,88.27999877929688,89.04000091552734,986400
2014-05-14,90.30999755859375,92.04000091552734,89.36000061035156,89.5999984741211,1213300
2014-05-15,88.44000244140625,90.06999969482422,86.0,89.30999755859375,1588700
2014-05-16,89.2699966430664,89.63999938964844,86.5,89.44000244140625,1059300
2014-05-19,89.30999755859375,90.47000122070312,88.0999984741211,88.79000091552734,787200
2014-05-20,88.04000091552734,90.61000061035156,87.41999816894531,89.5199966430664,962700
2014-05-21,88.19999694824219,89.4000015258789,87.80000305175781,88.12000274658203,657200
2014-05-22,94.56999969482422,95.8499984741211,88.20999908447266,88.20999908447266,1786600
2014-05-23,94.81999969482422,95.79000091552734,92.5999984741211,95.02999877929688,1000600
2014-05-27,94.79000091552734,98.05000305175781,94.70999908447266,95.66999816894531,1638700
2014-05-28,94.66000366210938,95.33000183105469,93.0999984741211,94.0,1468900
2014-05-29,94.02999877929688,96.27999877929688,93.26000213623047,95.01000213623047,1000000
2014-05-30,93.0199966430664,95.05000305175781,91.73999786376953,94.4000015258789,775100
2014-06-02,93.25,93.30999755859375,91.31999969482422,92.94999694824219,738800
2014-06-03,91.5,93.08999633789062,90.77999877929688,92.48999786376953,868600
2014-06-04,90.30000305175781,91.48999786376953,90.08999633789062,91.33999633789062,640100
2014-06-05,91.63999938964844,92.16000366210938,89.05999755859375,90.77999877929688,968800
2014-06-06,91.75,93.48999786376953,90.29000091552734,92.08000183105469,805200
2014-06-09,89.95999908447266,92.69000244140625,89.93000030517578,91.55000305175781,918100
2014-06-10,91.38999938964844,92.76000213623047,89.75,90.88999938964844,1072300
2014-06-11,93.12000274658203,93.38999938964844,90.44999694824219,90.56999969482422,835500
2014-06-12,94.06999969482422,95.27999877929688,92.08999633789062,92.58000183105469,1058000
2014-06-13,95.5999984741211,96.0199966430664,93.52999877929688,94.23999786376953,798300
2014-06-16,97.79000091552734,98.51000213623047,95.0199966430664,95.29000091552734,967500
2014-06-17,102.30000305175781,104.4000015258789,98.06999969482422,98.06999969482422,1507600
2014-06-18,102.52999877929688,103.69000244140625,100.83000183105469,103.54000091552734,1021900
2014-06-19,101.62000274658203,103.26000213623047,100.0,102.37000274658203,711400
2014-06-20,102.12000274658203,102.9000015258789,100.88999938964844,102.80000305175781,666600
2014-06-23,108.66000366210938,108.9000015258789,102.1500015258789,102.27999877929688,1351000
2014-06-24,107.91999816894531,109.9000015258789,105.77999877929688,107.73999786376953,1518900
2014-06-25,108.51000213623047,109.20999908447266,106.58999633789062,107.4000015258789,915300
2014-06-26,109.12999725341797,109.5999984741211,107.16000366210938,108.80999755859375,775200
2014-06-27,112.13999938964844,112.8499984741211,108.61000061035156,109.0,1849700
2014-06-30,113.62999725341797,115.37999725341797,111.81999969482422,112.0,928800
2014-07-01,116.22000122070312,128.58999633789062,114.48999786376953,114.5199966430664,6744400
2014-07-02,116.27999877929688,118.83999633789062,114.11000061035156,115.98999786376953,1100000
2014-07-03,116.19999694824219,116.94999694824219,114.12000274658203,116.19000244140625,545300
2014-07-07,113.58000183105469,116.93000030517578,113.19999694824219,116.5,731700
2014-07-08,105.30999755859375,112.81999969482422,102.66999816894531,112.6500015258789,2551700
2014-07-09,104.9800033569336,108.4000015258789,104.38999938964844,106.19000244140625,783100
2014-07-10,103.30000305175781,105.7300033569336,101.0,102.52999877929688,943600
2014-07-11,104.37000274658203,105.68000030517578,103.4000015258789,103.86000061035156,527400
2014-07-14,104.62000274658203,107.47000122070312,103.66000366210938,106.02999877929688,819000
2014-07-15,104.04000091552734,107.52999877929688,102.9000015258789,107.05999755859375,974700
2014-07-16,102.69999694824219,105.88999938964844,102.5999984741211,105.0,558800
2014-07-17,102.27999877929688,105.0,101.73999786376953,102.5,711100
2014-07-18,104.4000015258789,105.0,101.80000305175781,101.94999694824219,496100
2014-07-21,103.11000061035156,104.41000366210938,102.33000183105469,104.41000366210938,528300
2014-07-22,103.16000366210938,105.11000061035156,102.0999984741211,103.75,640700
2014-07-23,103.5,106.13999938964844,103.04000091552734,103.73999786376953,461500
2014-07-24,104.26000213623047,104.5,102.7699966430664,103.76000213623047,410500
2014-07-25,103.94000244140625,105.41999816894531,103.19999694824219,103.7300033569336,398800
2014-07-28,101.68000030517578,104.81999969482422,101.31999969482422,103.9000015258789,674900
2014-07-29,102.9800033569336,104.5999984741211,101.76000213623047,102.1500015258789,840300
2014-07-30,104.94999694824219,105.55000305175781,103.1500015258789,103.7300033569336,622400
2014-07-31,100.58000183105469,103.45999908447266,99.87999725341797,101.75,1220200
2014-08-01,98.12000274658203,100.5,96.43000030517578,99.69999694824219,1228000
2014-08-04,98.30000305175781,100.37000274658203,97.01000213623047,98.41999816894531,839300
2014-08-05,97.12999725341797,98.70999908447266,95.37999725341797,98.0,1207900
2014-08-06,98.91000366210938,99.68000030517578,96.26000213623047,96.4800033569336,1292300
2014-08-07,113.69000244140625,120.86000061035156,109.0,109.8499984741211,8223300
2014-08-08,114.38999938964844,115.6500015258789,112.55999755859375,114.51000213623047,1586500
2014-08-11,115.11000061035156,117.19999694824219,113.06999969482422,114.56999969482422,1081600
2014-08-12,114.23999786376953,115.48999786376953,112.04000091552734,114.5,865200
2014-08-13,112.56999969482422,114.48999786376953,110.81999969482422,114.33000183105469,1637900
2014-08-14,109.44999694824219,112.5199966430664,108.2300033569336,112.4000015258789,1114300
2014-08-15,109.23999786376953,110.86000061035156,107.52999877929688,109.70999908447266,698000
2014-08-18,110.62000274658203,110.9000015258789,108.33000183105469,109.98999786376953,519500
2014-08-19,110.70999908447266,111.91999816894531,109.75,110.9000015258789,461900
2014-08-20,110.61000061035156,111.54000091552734,109.72000122070312,110.05000305175781,362300
2014-08-21,111.0999984741211,111.4000015258789,110.0,111.19999694824219,570500
2014-08-22,115.56999969482422,115.94000244140625,110.9000015258789,111.01000213623047,1491900
2014-08-25,114.95999908447266,117.0,114.25,116.44000244140625,807000
2014-08-26,115.94000244140625,116.9000015258789,114.61000061035156,114.95999908447266,581000
2014-08-27,117.94999694824219,118.47000122070312,114.5,116.37999725341797,1183200
2014-08-28,117.79000091552734,119.2300033569336,116.5,117.05999755859375,794800
2014-08-29,119.95999908447266,121.6500015258789,118.81999969482422,119.69999694824219,1112500
2014-09-02,120.77999877929688,121.75,119.6500015258789,120.54000091552734,1089300
2014-09-03,119.9000015258789,121.5,118.20999908447266,121.12999725341797,853200
2014-09-04,121.08000183105469,122.83000183105469,120.13999938964844,121.01000213623047,1285000
2014-09-05,120.76000213623047,121.05000305175781,116.70999908447266,121.0,1104700
2014-09-08,120.62999725341797,124.5,120.0,120.3499984741211,898000
2014-09-09,119.13999938964844,123.05000305175781,118.47000122070312,121.77999877929688,1159000
2014-09-10,123.55000305175781,123.70999908447266,119.0999984741211,119.45999908447266,897900
2014-09-11,125.62999725341797,126.55999755859375,122.55000305175781,123.44999694824219,1286300
2014-09-12,124.16000366210938,125.23999786376953,122.87999725341797,125.0,894400
2014-09-15,121.58000183105469,124.0,120.16000366210938,124.0,1230800
2014-09-16,124.12999725341797,124.41999816894531,120.4000015258789,121.0,1073400
2014-09-17,128.64999389648438,130.58999633789062,123.7300033569336,124.0,2242000
2014-09-18,129.27999877929688,130.8300018310547,126.30999755859375,128.80999755859375,1478300
2014-09-19,126.05999755859375,129.8000030517578,124.54000091552734,129.50999450683594,1418200
2014-09-22,122.37000274658203,125.5,120.72000122070312,125.36000061035156,1115900
2014-09-23,122.5,124.04000091552734,120.33000183105469,120.33000183105469,721500
2014-09-24,124.41000366210938,124.77999877929688,122.69000244140625,123.4800033569336,439100
2014-09-25,120.5199966430664,123.94000244140625,119.06999969482422,123.70999908447266,1134900
2014-09-26,122.12999725341797,122.66000366210938,121.01000213623047,121.02999877929688,535600
2014-09-29,122.1500015258789,122.9800033569336,120.01000213623047,120.33999633789062,486400
2014-09-30,120.77999877929688,122.73999786376953,120.0,122.3499984741211,589100
2014-10-01,116.26000213623047,120.98999786376953,113.72000122070312,120.62000274658203,2109700
2014-10-02,115.05000305175781,118.47000122070312,112.88999938964844,116.91999816894531,1170600
2014-10-03,116.80999755859375,118.94000244140625,115.25,115.83999633789062,864200
2014-10-06,114.9800033569336,118.0,114.37999725341797,117.69999694824219,488300
2014-10-07,113.54000091552734,115.95999908447266,113.5,114.7300033569336,590100
2014-10-08,117.38999938964844,117.75,113.08000183105469,114.38999938964844,795000
2014-10-09,112.19000244140625,117.25,111.48999786376953,116.9000015258789,1180600
2014-10-10,105.66999816894531,112.11000061035156,105.56999969482422,110.44000244140625,1564400
2014-10-13,107.19000244140625,109.9800033569336,104.86000061035156,105.69999694824219,1010700
2014-10-14,110.69999694824219,114.2300033569336,108.47000122070312,108.47000122070312,973300
2014-10-15,113.81999969482422,114.4000015258789,108.41000366210938,109.0,1005200
2014-10-16,117.5,119.37999725341797,111.44999694824219,111.88999938964844,1241500
2014-10-17,118.1500015258789,120.76000213623047,117.05999755859375,118.5,888100
2014-10-20,117.2300033569336,118.3499984741211,114.2699966430664,118.3499984741211,916100
2014-10-21,119.9800033569336,121.19999694824219,117.4000015258789,118.51000213623047,755900
2014-10-22,115.81999969482422,117.76000213623047,114.63999938964844,116.68000030517578,1289400
2014-10-23,117.4800033569336,118.41999816894531,115.01000213623047,117.05000305175781,795800
2014-10-24,117.52999877929688,118.75,116.98999786376953,117.9000015258789,500800
2014-10-27,116.25,117.5,114.13999938964844,117.11000061035156,768100
2014-10-28,117.80000305175781,118.5,116.5199966430664,117.19999694824219,1092400
2014-10-29,116.83000183105469,117.98999786376953,110.30999755859375,117.58999633789062,2627500
2014-10-30,115.41000366210938,116.95999908447266,114.12999725341797,115.31999969482422,842300
2014-10-31,120.36000061035156,120.5,116.25,117.05999755859375,1127600
2014-11-03,122.56999969482422,125.0,119.51000213623047,120.36000061035156,1184700
2014-11-04,121.25,123.5,120.4800033569336,122.0999984741211,989900
2014-11-05,108.16000366210938,113.48999786376953,103.12999725341797,112.5,6619700
2014-11-06,106.33000183105469,109.11000061035156,105.0,108.81999969482422,2562100
2014-11-07,103.06999969482422,106.31999969482422,101.6500015258789,105.87999725341797,2273900
2014-11-10,104.88999938964844,105.38999938964844,103.0,103.80000305175781,1404900
2014-11-11,102.08000183105469,105.75,100.88999938964844,105.0,1747100
2014-11-12,102.06999969482422,102.11000061035156,98.83999633789062,100.94000244140625,2260100
2014-11-13,101.11000061035156,103.2300033569336,100.69999694824219,101.5,1546000
2014-11-14,104.8499984741211,105.91000366210938,101.1500015258789,101.1500015258789,1059900
2014-11-17,104.16000366210938,106.77999877929688,103.44999694824219,105.16999816894531,697000
2014-11-18,104.80000305175781,106.86000061035156,104.51000213623047,104.56999969482422,706300
2014-11-19,103.20999908447266,105.37999725341797,102.91000366210938,104.80000305175781,1000000
2014-11-20,101.94999694824219,103.55000305175781,101.16999816894531,102.62000274658203,1254800
2014-11-21,102.41999816894531,103.5,101.72000122070312,103.30000305175781,813900
2014-11-24,104.54000091552734,105.16000366210938,102.61000061035156,102.72000122070312,1493300
2014-11-25,104.52999877929688,106.0,103.7300033569336,105.33999633789062,1092900
2014-11-26,102.05999755859375,106.44000244140625,101.45999908447266,104.51000213623047,1516900
2014-11-28,101.97000122070312,102.94000244140625,100.5999984741211,101.87999725341797,508300
2014-12-01,97.31999969482422,102.36000061035156,97.13999938964844,101.5199966430664,1560900
2014-12-02,96.80000305175781,98.56999969482422,96.2699966430664,97.0,1292900
2014-12-03,92.98999786376953,96.69999694824219,91.7699966430664,96.25,2923200
2014-12-04,92.48999786376953,94.80000305175781,92.36000061035156,92.9000015258789,1260000
2014-12-05,93.25,94.54000091552734,92.44999694824219,92.58999633789062,1019900
2014-12-08,88.05000305175781,94.16999816894531,88.0,93.12000274658203,1815700
2014-12-09,88.30999755859375,88.5199966430664,85.0,86.56999969482422,1487200
2014-12-10,86.12999725341797,89.05999755859375,85.51000213623047,88.12999725341797,2219700
2014-12-11,86.9800033569336,91.41999816894531,86.30000305175781,86.5999984741211,1513800
2014-12-12,86.30999755859375,87.88999938964844,85.51000213623047,86.5,1141000
2014-12-15,83.91000366210938,87.75,83.69999694824219,87.16999816894531,1693400
2014-12-16,79.06999969482422,83.76000213623047,78.94000244140625,83.76000213623047,3102300
2014-12-17,81.01000213623047,81.9800033569336,78.52999877929688,79.19999694824219,2593600
2014-12-18,78.63999938964844,82.95999908447266,76.91000366210938,82.95999908447266,2923300
2014-12-19,81.1500015258789,81.41000366210938,76.5999984741211,78.0,2100500
2014-12-22,82.5999984741211,83.27999877929688,80.43000030517578,82.01000213623047,1275700
2014-12-23,80.87999725341797,83.73999786376953,80.58000183105469,82.5999984741211,792200
2014-12-24,81.12000274658203,81.29000091552734,79.4000015258789,80.87999725341797,656100
2014-12-26,83.87999725341797,84.91000366210938,80.41000366210938,81.45999908447266,1965100
2014-12-29,82.6500015258789,84.80999755859375,82.33000183105469,84.01000213623047,1713700
2014-12-30,81.63999938964844,83.79000091552734,81.2300033569336,82.0,1872800
2014-12-31,83.11000061035156,83.91999816894531,80.54000091552734,81.91999816894531,1632100
2015-01-02,81.05000305175781,84.47000122070312,80.12999725341797,83.70999908447266,846600
2015-01-05,77.01000213623047,81.0,76.08000183105469,80.37999725341797,1562000
2015-01-06,76.37999725341797,78.58000183105469,73.7699966430664,77.33000183105469,1924900
2015-01-07,77.76000213623047,78.76000213623047,77.06999969482422,77.41000366210938,848100
2015-01-08,79.25,80.12999725341797,77.9800033569336,79.11000061035156,844200
2015-01-09,77.76000213623047,79.91999816894531,76.8499984741211,79.51000213623047,928200
2015-01-12,75.6500015258789,79.58000183105469,74.79000091552734,79.58000183105469,908200
2015-01-13,74.86000061035156,77.0,73.87000274658203,76.5999984741211,717400
2015-01-14,73.19000244140625,74.3499984741211,72.25,73.7699966430664,1523300
2015-01-15,70.0199966430664,73.41999816894531,70.0,73.11000061035156,1407600
2015-01-16,72.73999786376953,72.98999786376953,70.04000091552734,70.05000305175781,1319900
2015-01-20,71.62999725341797,73.30000305175781,71.54000091552734,73.01000213623047,1295700
2015-01-21,75.19000244140625,75.29000091552734,71.33000183105469,71.33000183105469,1026000
2015-01-22,76.01000213623047,76.41000366210938,74.2300033569336,76.06999969482422,884000
2015-01-23,77.11000061035156,77.16000366210938,75.87999725341797,76.18000030517578,869000
2015-01-26,79.3499984741211,80.5999984741211,77.11000061035156,77.33999633789062,1159500
2015-01-27,80.16999816894531,80.26000213623047,78.0,78.51000213623047,872800
2015-01-28,79.04000091552734,82.79000091552734,78.87000274658203,81.63999938964844,1188300
2015-01-29,78.30999755859375,80.75,76.33000183105469,79.31999969482422,982200
2015-01-30,79.48999786376953,80.2300033569336,77.25,77.3499984741211,660500
2015-02-02,80.08000183105469,81.0,78.69999694824219,80.36000061035156,1715500
2015-02-03,57.36000061035156,57.75,51.54999923706055,57.0,23286100
2015-02-04,58.380001068115234,59.599998474121094,56.52000045776367,57.68000030517578,3314600
2015-02-05,62.34000015258789,63.0099983215332,58.79999923706055,59.0,2847000
2015-02-06,61.369998931884766,63.29999923706055,60.529998779296875,62.61000061035156,1124200
2015-02-09,62.970001220703125,63.540000915527344,60.630001068115234,60.86000061035156,1174000
2015-02-10,63.880001068115234,64.43000030517578,62.90999984741211,63.58000183105469,1064100
2015-02-11,65.95999908447266,66.08999633789062,63.29999923706055,64.33000183105469,1074500
2015-02-12,67.5,67.55000305175781,65.5199966430664,66.0199966430664,946400
2015-02-13,67.16000366210938,67.75,65.55000305175781,67.12999725341797,882800
2015-02-17,63.540000915527344,67.25,63.040000915527344,67.0,1478000
2015-02-18,61.4900016784668,63.459999084472656,61.130001068115234,63.130001068115234,1027800
2015-02-19,62.59000015258789,63.459999084472656,61.130001068115234,61.349998474121094,877200
2015-02-20,63.880001068115234,63.959999084472656,62.18000030517578,62.75,664900
2015-02-23,62.599998474121094,63.880001068115234,62.150001525878906,63.7400016784668,627900
2015-02-24,62.31999969482422,63.29999923706055,61.5,62.83000183105469,547500
2015-02-25,61.189998626708984,62.29999923706055,60.099998474121094,61.93000030517578,1068800
2015-02-26,61.45000076293945,63.150001525878906,60.310001373291016,60.5,940400
2015-02-27,62.060001373291016,62.52000045776367,61.04999923706055,61.83000183105469,804000
2015-03-02,62.900001525878906,65.2300033569336,62.45000076293945,64.76000213623047,1477700
2015-03-03,61.77000045776367,63.38999938964844,61.75,62.59000015258789,945100
2015-03-04,61.869998931884766,62.09000015258789,59.58000183105469,61.459999084472656,1348700
2015-03-05,64.30999755859375,64.95999908447266,61.79999923706055,62.150001525878906,1115300
2015-03-06,62.34000015258789,64.19000244140625,61.959999084472656,63.91999816894531,854000
2015-03-09,61.40999984741211,63.310001373291016,60.45000076293945,62.0099983215332,700300
2015-03-10,60.119998931884766,61.349998474121094,59.650001525878906,60.61000061035156,672700
2015-03-11,61.09000015258789,61.81999969482422,58.900001525878906,59.540000915527344,839100
2015-03-12,59.40999984741211,60.849998474121094,58.29999923706055,60.70000076293945,1191700
2015-03-13,57.790000915527344,59.38999938964844,57.63999938964844,58.86000061035156,881900
2015-03-16,57.95000076293945,58.11000061035156,56.54999923706055,57.77000045776367,776200
2015-03-17,57.61000061035156,58.20000076293945,57.369998931884766,57.439998626708984,643600
2015-03-18,59.25,60.90999984741211,56.689998626708984,57.16999816894531,1473700
2015-03-19,58.38999938964844,59.150001525878906,57.72999954223633,59.06999969482422,581700
2015-03-20,58.88999938964844,59.0099983215332,57.91999816894531,58.61000061035156,637700
2015-03-23,59.33000183105469,59.90999984741211,58.0,58.4900016784668,536000
2015-03-24,59.869998931884766,60.40999984741211,59.06999969482422,59.33000183105469,557900
2015-03-25,58.2400016784668,60.099998474121094,58.029998779296875,59.58000183105469,965700
2015-03-26,57.380001068115234,58.400001525878906,56.900001525878906,58.040000915527344,701700
2015-03-27,54.720001220703125,57.40999984741211,54.38999938964844,57.25,1578600
2015-03-30,53.65999984741211,54.900001525878906,52.84000015258789,54.720001220703125,1491800
2015-03-31,52.779998779296875,53.349998474121094,51.5,53.20000076293945,1747200
2015-04-01,53.20000076293945,53.77000045776367,52.18000030517578,52.43000030517578,1310900
2015-04-02,52.88999938964844,54.13999938964844,52.369998931884766,53.22999954223633,1099100
2015-04-06,53.380001068115234,53.88999938964844,51.86000061035156,52.34000015258789,1407200
2015-04-07,54.630001068115234,55.77000045776367,53.380001068115234,53.380001068115234,860000
2015-04-08,56.650001525878906,56.95000076293945,54.45000076293945,54.45000076293945,697600
2015-04-09,56.779998779296875,57.16999816894531,55.79999923706055,56.470001220703125,646000
2015-04-10,57.060001373291016,57.369998931884766,56.209999084472656,56.86000061035156,594200
2015-04-13,56.959999084472656,57.79999923706055,56.90999984741211,57.0,603700
2015-04-14,58.060001373291016,58.29999923706055,55.81999969482422,56.599998474121094,764800
2015-04-15,61.43000030517578,61.790000915527344,57.81999969482422,58.029998779296875,1692600
2015-04-16,58.0,62.58000183105469,57.93000030517578,61.400001525878906,1489000
2015-04-17,55.59000015258789,57.56999969482422,54.66999816894531,57.5,1330400
2015-04-20,56.369998931884766,56.83000183105469,55.400001525878906,55.7400016784668,847200
2015-04-21,53.43000030517578,56.849998474121094,53.060001373291016,56.36000061035156,1805000
2015-04-22,53.599998474121094,54.099998474121094,52.59000015258789,53.65999984741211,770600
2015-04-23,54.56999969482422,54.720001220703125,53.43000030517578,53.810001373291016,1017700
2015-04-24,51.279998779296875,53.56999969482422,50.70000076293945,52.25,2305500
2015-04-27,49.22999954223633,51.209999084472656,49.119998931884766,50.41999816894531,1848200
2015-04-28,51.29999923706055,51.65999984741211,48.38999938964844,49.02000045776367,1833300
2015-04-29,39.93000030517578,43.20000076293945,39.75,41.209999084472656,11410200
2015-04-30,37.45000076293945,40.72999954223633,36.779998779296875,39.75,5857500
2015-05-01,36.709999084472656,37.88999938964844,36.65999984741211,37.869998931884766,2288800
2015-05-04,37.709999084472656,38.29999923706055,36.88999938964844,36.900001525878906,1805700
2015-05-05,36.95000076293945,38.150001525878906,36.79999923706055,38.0,1314700
2015-05-06,36.290000915527344,37.25,36.02000045776367,37.06999969482422,1432400
2015-05-07,34.970001220703125,36.54999923706055,34.83000183105469,36.18000030517578,3068200
2015-05-08,35.33000183105469,35.599998474121094,34.779998779296875,35.29999923706055,2388100
2015-05-11,35.540000915527344,36.59000015258789,35.34000015258789,36.38999938964844,2180400
2015-05-12,34.880001068115234,35.970001220703125,34.65999984741211,35.90999984741211,1996600
2015-05-13,35.06999969482422,35.45000076293945,34.81999969482422,35.13999938964844,1155800
2015-05-14,34.65999984741211,35.540000915527344,34.52000045776367,35.189998626708984,1126900
2015-05-15,34.779998779296875,34.84000015258789,33.849998474121094,34.709999084472656,1478000
2015-05-18,35.2599983215332,35.31999969482422,34.08000183105469,34.720001220703125,1299400
2015-05-19,35.68000030517578,36.70000076293945,35.380001068115234,35.5,2251500
2015-05-20,34.970001220703125,36.04999923706055,34.93000030517578,35.689998626708984,931600
2015-05-21,37.310001373291016,38.099998474121094,36.0,36.33000183105469,1967000
2015-05-22,36.25,37.65999984741211,36.2400016784668,37.349998474121094,1148900
2015-05-26,35.79999923706055,36.72999954223633,35.529998779296875,36.189998626708984,825900
2015-05-27,35.83000183105469,36.560001373291016,35.36000061035156,35.869998931884766,1080000
2015-05-28,36.41999816894531,36.720001220703125,35.33000183105469,35.959999084472656,1095800
2015-05-29,35.560001373291016,36.63999938964844,35.52000045776367,36.4900016784668,970500
2015-06-01,35.31999969482422,35.970001220703125,34.83000183105469,35.630001068115234,1147900
2015-06-02,35.369998931884766,35.9900016784668,35.099998474121094,35.150001525878906,1061200
2015-06-03,35.81999969482422,36.220001220703125,35.40999984741211,35.41999816894531,693600
2015-06-04,35.650001525878906,36.400001525878906,35.369998931884766,35.619998931884766,1197100
2015-06-05,37.9900016784668,38.02000045776367,35.29999923706055,35.47999954223633,1888000
2015-06-08,37.060001373291016,38.08000183105469,36.91999816894531,38.060001373291016,1607700
2015-06-09,37.060001373291016,37.79999923706055,36.7400016784668,37.310001373291016,957600
2015-06-10,37.06999969482422,38.439998626708984,37.0,37.20000076293945,1155100
2015-06-11,36.220001220703125,37.349998474121094,36.06999969482422,37.25,1196300
2015-06-12,35.33000183105469,36.400001525878906,34.9900016784668,36.189998626708984,1690300
2015-06-15,35.369998931884766,35.619998931884766,34.52000045776367,35.0,1056200
2015-06-16,35.900001525878906,35.90999984741211,35.13999938964844,35.310001373291016,761400
2015-06-17,37.0099983215332,37.380001068115234,36.0099983215332,36.040000915527344,1340000
2015-06-18,37.40999984741211,37.63999938964844,36.900001525878906,37.0099983215332,1023000
2015-06-19,36.97999954223633,37.540000915527344,36.70000076293945,37.29999923706055,1111200
2015-06-22,37.97999954223633,38.380001068115234,37.0,37.119998931884766,1145500
2015-06-23,38.93000030517578,39.45000076293945,37.84000015258789,37.95000076293945,1457700
2015-06-24,37.7400016784668,38.88999938964844,37.349998474121094,38.689998626708984,1196200
2015-06-25,37.540000915527344,38.060001373291016,37.150001525878906,38.060001373291016,940800
2015-06-26,36.65999984741211,37.5,36.189998626708984,37.380001068115234,6017600
2015-06-29,35.79999923706055,36.849998474121094,35.29999923706055,36.02000045776367,1549800
2015-06-30,34.93000030517578,36.630001068115234,34.869998931884766,36.0,1153700
2015-07-01,34.33000183105469,35.630001068115234,34.099998474121094,35.11000061035156,1123400
2015-07-02,34.560001373291016,34.79999923706055,33.68000030517578,34.40999984741211,725200
2015-07-06,34.040000915527344,34.439998626708984,33.709999084472656,34.13999938964844,885600
2015-07-07,34.4900016784668,34.529998779296875,32.11000061035156,34.02000045776367,1359100
2015-07-08,34.029998779296875,34.77000045776367,33.79999923706055,34.150001525878906,876300
2015-07-09,32.06999969482422,34.34000015258789,31.8799991607666,34.18000030517578,1694300
2015-07-10,33.060001373291016,33.61000061035156,32.47999954223633,32.5,1073300
2015-07-13,33.79999923706055,34.4900016784668,32.900001525878906,33.41999816894531,1000000
2015-07-14,34.630001068115234,34.75,33.16999816894531,33.869998931884766,1041400
2015-07-15,33.7599983215332,34.58000183105469,33.41999816894531,34.5099983215332,1301100
2015-07-16,34.20000076293945,34.470001220703125,33.7599983215332,33.939998626708984,1271100
2015-07-17,33.59000015258789,34.18000030517578,33.529998779296875,34.130001068115234,1013400
2015-07-20,31.440000534057617,33.59000015258789,31.059999465942383,33.54999923706055,1545400
2015-07-21,33.529998779296875,33.59000015258789,30.950000762939453,31.170000076293945,1371200
2015-07-22,32.869998931884766,33.5,32.369998931884766,33.11000061035156,988500
2015-07-23,33.630001068115234,33.709999084472656,32.790000915527344,32.790000915527344,1015600
2015-07-24,34.470001220703125,34.9900016784668,33.5,33.75,1340900
2015-07-27,36.11000061035156,36.20000076293945,34.619998931884766,35.400001525878906,1828100
2015-07-28,37.72999954223633,37.81999969482422,34.41999816894531,36.13999938964844,2709500
2015-07-29,36.4900016784668,37.540000915527344,36.13999938964844,37.439998626708984,3157500
2015-07-30,32.66999816894531,33.70000076293945,30.25,30.5,6477900
2015-07-31,30.729999542236328,32.90999984741211,30.420000076293945,31.3799991607666,4097700
2015-08-03,28.950000762939453,30.40999984741211,28.059999465942383,30.40999984741211,3760400
2015-08-04,28.399999618530273,29.969999313354492,27.65999984741211,29.969999313354492,2952100
2015-08-05,28.0,28.8700008392334,27.969999313354492,28.3700008392334,1936200
2015-08-06,30.610000610351562,30.850000381469727,28.610000610351562,28.700000762939453,3336600
2015-08-07,29.75,31.68000030517578,29.65999984741211,30.399999618530273,1434100
2015-08-10,32.619998931884766,32.93000030517578,29.75,29.75,2264200
2015-08-11,31.34000015258789,33.130001068115234,30.860000610351562,32.029998779296875,1406000
2015-08-12,31.709999084472656,31.719999313354492,30.209999084472656,30.75,1368400
2015-08-13,31.299999237060547,32.0,30.979999542236328,31.68000030517578,629400
2015-08-14,31.40999984741211,32.36000061035156,31.100000381469727,31.200000762939453,869000
2015-08-17,30.690000534057617,31.649999618530273,30.600000381469727,31.489999771118164,861800
2015-08-18,29.760000228881836,30.829999923706055,29.440000534057617,30.829999923706055,1071500
2015-08-19,28.350000381469727,29.649999618530273,28.1200008392334,29.530000686645508,967100
2015-08-20,27.1200008392334,28.229999542236328,27.010000228881836,28.049999237060547,1032000
2015-08-21,28.270000457763672,28.860000610351562,26.540000915527344,26.65999984741211,2090200
2015-08-24,27.889999389648438,29.709999084472656,25.309999465942383,26.0,1941800
2015-08-25,26.84000015258789,29.06999969482422,26.75,28.93000030517578,1401000
2015-08-26,27.65999984741211,27.770000457763672,27.06999969482422,27.40999984741211,940500
2015-08-27,29.209999084472656,29.299999237060547,27.670000076293945,27.920000076293945,1049200
2015-08-28,30.020000457763672,30.600000381469727,29.190000534057617,29.190000534057617,940600
2015-08-31,30.65999984741211,31.1200008392334,29.549999237060547,29.959999084472656,798600
2015-09-01,28.899999618530273,30.979999542236328,28.65999984741211,30.049999237060547,1085600
2015-09-02,29.450000762939453,29.479999542236328,27.90999984741211,29.18000030517578,754600
2015-09-03,28.920000076293945,29.950000762939453,28.440000534057617,29.389999389648438,685200
2015-09-04,28.389999389648438,29.06999969482422,28.299999237060547,28.600000381469727,513200
2015-09-08,29.56999969482422,29.950000762939453,28.40999984741211,28.829999923706055,748100
2015-09-09,28.780000686645508,30.149999618530273,28.739999771118164,29.81999969482422,1088600
2015-09-10,28.90999984741211,29.860000610351562,28.649999618530273,28.850000381469727,765500
2015-09-11,28.950000762939453,29.200000762939453,28.219999313354492,28.889999389648438,510700
2015-09-14,30.18000030517578,30.329999923706055,28.469999313354492,28.959999084472656,939000
2015-09-15,29.760000228881836,30.81999969482422,29.219999313354492,30.3799991607666,779800
2015-09-16,29.719999313354492,30.6200008392334,29.639999389648438,29.889999389648438,799100
2015-09-17,29.889999389648438,30.75,29.31999969482422,29.639999389648438,840600
2015-09-18,28.84000015258789,29.579999923706055,28.549999237060547,29.489999771118164,860400
2015-09-21,28.829999923706055,29.549999237060547,28.709999084472656,28.979999542236328,712900
2015-09-22,30.6200008392334,30.8799991607666,28.31999969482422,28.68000030517578,1754100
2015-09-23,29.15999984741211,31.15999984741211,28.799999237060547,30.709999084472656,1159500
2015-09-24,29.729999542236328,30.290000915527344,28.75,29.0,1142700
2015-09-25,28.84000015258789,30.31999969482422,28.5,30.299999237060547,1001500
2015-09-28,28.84000015258789,29.75,28.5,28.760000228881836,1436100
2015-09-29,26.170000076293945,29.09000015258789,26.030000686645508,28.959999084472656,1535300
2015-09-30,26.489999771118164,27.3700008392334,26.0,26.600000381469727,1743700
2015-10-01,25.600000381469727,26.809999465942383,25.049999237060547,26.56999969482422,1047500
2015-10-02,26.600000381469727,26.610000610351562,24.81999969482422,25.09000015258789,881300
2015-10-05,28.350000381469727,28.969999313354492,26.770000457763672,26.770000457763672,1325300
2015-10-06,29.65999984741211,29.84000015258789,27.65999984741211,27.920000076293945,1288400
2015-10-07,30.260000228881836,30.899999618530273,28.979999542236328,30.079999923706055,1314800
2015-10-08,31.889999389648438,31.979999542236328,30.34000015258789,30.670000076293945,1359500
2015-10-09,31.899999618530273,32.349998474121094,31.309999465942383,32.15999984741211,820200
2015-10-12,30.81999969482422,32.52000045776367,30.15999984741211,32.33000183105469,648900
2015-10-13,30.989999771118164,31.739999771118164,30.239999771118164,30.799999237060547,881800
2015-10-14,30.709999084472656,31.600000381469727,30.34000015258789,31.0,731900
2015-10-15,31.0,31.030000686645508,30.100000381469727,30.889999389648438,680100
2015-10-16,30.940000534057617,31.25,29.8799991607666,31.25,804500
2015-10-19,29.700000762939453,31.020000457763672,29.540000915527344,30.600000381469727,709300
2015-10-20,30.489999771118164,31.25,29.31999969482422,29.31999969482422,803400
2015-10-21,29.31999969482422,30.559999465942383,29.25,30.34000015258789,612000
2015-10-22,30.8700008392334,31.350000381469727,29.489999771118164,29.6200008392334,1286900
2015-10-23,27.670000076293945,27.790000915527344,24.799999237060547,25.170000076293945,4032600
2015-10-26,26.40999984741211,27.790000915527344,26.219999313354492,27.3700008392334,1575900
2015-10-27,25.639999389648438,26.260000228881836,25.209999084472656,26.010000228881836,1084800
2015-10-28,26.690000534057617,26.729999542236328,25.5,25.639999389648438,1412600
2015-10-29,26.1299991607666,26.8700008392334,26.110000610351562,26.350000381469727,720100
2015-10-30,25.5,26.350000381469727,25.5,26.049999237060547,1019400
2015-11-02,26.829999923706055,27.170000076293945,25.489999771118164,25.639999389648438,816400
2015-11-03,27.219999313354492,28.639999389648438,26.700000762939453,26.729999542236328,1575300
2015-11-04,28.670000076293945,29.850000381469727,25.360000610351562,26.010000228881836,4013700
2015-11-05,27.329999923706055,28.65999984741211,26.549999237060547,28.5,1718400
2015-11-06,27.59000015258789,27.850000381469727,25.729999542236328,27.139999389648438,1113600
2015-11-09,26.729999542236328,27.540000915527344,26.309999465942383,27.010000228881836,773300
2015-11-10,25.290000915527344,26.559999465942383,24.93000030517578,26.34000015258789,1191800
2015-11-11,23.969999313354492,25.280000686645508,23.729999542236328,25.25,1497900
2015-11-12,23.3700008392334,23.979999542236328,23.0,23.43000030517578,1049400
2015-11-13,22.860000610351562,23.229999542236328,22.399999618530273,23.139999389648438,1117900
2015-11-16,22.989999771118164,23.100000381469727,22.239999771118164,22.239999771118164,747700
2015-11-17,22.579999923706055,23.190000534057617,22.149999618530273,23.0,988000
2015-11-18,23.40999984741211,24.040000915527344,22.850000381469727,22.8700008392334,1101900
2015-11-19,23.1299991607666,23.75,22.90999984741211,23.540000915527344,636000
2015-11-20,23.079999923706055,23.579999923706055,23.020000457763672,23.309999465942383,612400
2015-11-23,23.780000686645508,24.399999618530273,22.780000686645508,22.969999313354492,1154900
2015-11-24,23.75,24.100000381469727,23.270000457763672,23.84000015258789,927300
2015-11-25,25.18000030517578,25.40999984741211,23.440000534057617,23.65999984741211,1038900
2015-11-27,24.3799991607666,25.200000762939453,24.229999542236328,25.18000030517578,443100
2015-11-30,25.0,25.40999984741211,24.260000228881836,24.40999984741211,1175600
2015-12-01,24.670000076293945,25.3799991607666,24.34000015258789,24.700000762939453,927700
2015-12-02,24.989999771118164,25.190000534057617,24.56999969482422,24.56999969482422,661800
2015-12-03,25.1200008392334,25.860000610351562,24.809999465942383,25.18000030517578,969300
2015-12-04,25.09000015258789,25.530000686645508,24.75,25.18000030517578,914500
2015-12-07,24.530000686645508,25.0,23.809999465942383,25.0,781100
2015-12-08,24.75,25.100000381469727,23.940000534057617,24.229999542236328,685800
2015-12-09,24.90999984741211,25.579999923706055,24.520000457763672,24.559999465942383,892700
2015-12-10,25.579999923706055,25.969999313354492,24.610000610351562,24.860000610351562,736400
2015-12-11,24.260000228881836,25.34000015258789,23.920000076293945,25.15999984741211,1268700
2015-12-14,23.520000457763672,24.309999465942383,23.079999923706055,23.6200008392334,996400
2015-12-15,24.610000610351562,24.8799991607666,23.549999237060547,23.780000686645508,892600
2015-12-16,24.8799991607666,25.59000015258789,23.809999465942383,24.649999618530273,1145100
2015-12-17,25.850000381469727,26.290000915527344,24.950000762939453,24.959999084472656,1846100
2015-12-18,25.81999969482422,26.209999084472656,25.420000076293945,25.790000915527344,1074800
2015-12-21,24.989999771118164,26.09000015258789,24.5,25.81999969482422,916200
2015-12-22,25.520000457763672,25.65999984741211,24.510000228881836,24.920000076293945,675100
2015-12-23,26.780000686645508,26.989999771118164,25.579999923706055,25.59000015258789,683700
2015-12-24,26.790000915527344,27.690000534057617,26.700000762939453,26.75,445600
2015-12-28,25.18000030517578,26.860000610351562,24.989999771118164,26.700000762939453,926000
2015-12-29,24.809999465942383,25.56999969482422,24.25,25.149999618530273,932200
2015-12-30,23.979999542236328,25.1299991607666,23.799999237060547,24.479999542236328,930900
2015-12-31,23.479999542236328,24.459999084472656,23.360000610351562,23.8799991607666,1130800
2016-01-04,24.549999237060547,24.90999984741211,23.079999923706055,23.25,1388000
2016-01-05,24.559999465942383,24.860000610351562,23.799999237060547,24.81999969482422,768500
2016-01-06,23.610000610351562,24.559999465942383,23.510000228881836,24.3799991607666,911000
2016-01-07,22.440000534057617,23.479999542236328,22.0,23.200000762939453,1107400
2016-01-08,21.770000457763672,23.479999542236328,21.5,22.709999084472656,1277500
2016-01-11,21.0,22.440000534057617,20.739999771118164,22.190000534057617,1174700
2016-01-12,20.56999969482422,21.760000228881836,20.030000686645508,21.309999465942383,859300
2016-01-13,19.520000457763672,21.18000030517578,19.299999237060547,20.5,1506300
2016-01-14,19.1200008392334,20.0,18.8799991607666,19.639999389648438,1496700
2016-01-15,18.670000076293945,18.899999618530273,17.850000381469727,18.610000610351562,1004800
2016-01-19,17.59000015258789,18.959999084472656,17.360000610351562,18.950000762939453,943600
2016-01-20,17.209999084472656,17.6200008392334,16.260000228881836,17.229999542236328,1559100
2016-01-21,18.06999969482422,18.8799991607666,17.0,17.290000915527344,2331900
2016-01-22,17.850000381469727,18.93000030517578,17.559999465942383,18.510000228881836,1191900
2016-01-25,16.809999465942383,17.850000381469727,16.5,17.850000381469727,2042400
2016-01-26,16.1299991607666,16.459999084472656,14.880000114440918,16.280000686645508,3407200
2016-01-27,16.1200008392334,16.969999313354492,15.670000076293945,16.079999923706055,1431300
2016-01-28,15.239999771118164,16.739999771118164,15.210000038146973,16.229999542236328,1274900
2016-01-29,16.299999237060547,16.43000030517578,15.369999885559082,15.380000114440918,1201000
2016-02-01,16.15999984741211,16.520000457763672,15.40999984741211,16.200000762939453,1790000
2016-02-02,15.65999984741211,16.18000030517578,15.630000114440918,16.100000381469727,751400
2016-02-03,16.43000030517578,16.520000457763672,15.710000038146973,15.859999656677246,937200
2016-02-04,16.989999771118164,17.68000030517578,16.399999618530273,16.420000076293945,1565300
2016-02-05,16.84000015258789,17.3700008392334,16.360000610351562,16.850000381469727,919400
2016-02-08,16.09000015258789,16.799999237060547,15.5,16.649999618530273,1070200
2016-02-09,15.9399995803833,16.3799991607666,15.350000381469727,15.770000457763672,838200
2016-02-10,15.510000228881836,16.290000915527344,15.380000114440918,16.0,894200
2016-02-11,15.510000228881836,16.239999771118164,15.460000038146973,15.899999618530273,1506700
2016-02-12,15.609999656677246,15.960000038146973,14.479999542236328,15.75,892100
2016-02-16,16.65999984741211,16.770000457763672,15.470000267028809,15.90999984741211,814800
2016-02-17,17.110000610351562,17.700000762939453,16.719999313354492,16.829999923706055,741300
2016-02-18,17.559999465942383,17.649999618530273,16.75,17.18000030517578,842000
2016-02-19,17.600000381469727,17.90999984741211,16.920000076293945,17.389999389648438,880600
2016-02-22,18.489999771118164,19.020000457763672,17.760000228881836,17.84000015258789,980700
2016-02-23,17.899999618530273,18.979999542236328,17.719999313354492,18.979999542236328,607900
2016-02-24,18.280000686645508,18.31999969482422,16.920000076293945,17.59000015258789,561600
2016-02-25,18.110000610351562,18.639999389648438,17.6299991607666,18.200000762939453,608400
2016-02-26,18.850000381469727,19.229999542236328,18.290000915527344,18.31999969482422,789800
2016-02-29,18.850000381469727,19.489999771118164,18.729999542236328,19.149999618530273,745400
2016-03-01,20.270000457763672,20.559999465942383,18.850000381469727,19.040000915527344,1674100
2016-03-02,20.889999389648438,21.670000076293945,19.760000228881836,20.149999618530273,1773000
2016-03-03,24.530000686645508,25.06999969482422,21.93000030517578,23.170000076293945,5698000
2016-03-04,27.639999389648438,29.600000381469727,25.100000381469727,25.239999771118164,5623800
2016-03-07,27.81999969482422,27.81999969482422,24.510000228881836,26.229999542236328,2992500
2016-03-08,24.889999389648438,27.709999084472656,24.81999969482422,27.709999084472656,1632700
2016-03-09,25.440000534057617,26.0,24.690000534057617,25.239999771118164,895400
2016-03-10,23.489999771118164,26.420000076293945,23.360000610351562,25.520000457763672,1938100
2016-03-11,24.190000534057617,24.3700008392334,23.010000228881836,23.950000762939453,1093000
2016-03-14,25.15999984741211,26.440000534057617,24.860000610351562,25.579999923706055,2431000
2016-03-15,22.190000534057617,25.0,22.040000915527344,24.799999237060547,1864800
2016-03-16,23.100000381469727,23.34000015258789,22.110000610351562,22.25,1357900
2016-03-17,23.709999084472656,24.049999237060547,22.899999618530273,23.15999984741211,1000200
2016-03-18,25.010000228881836,25.34000015258789,23.979999542236328,23.979999542236328,1451400
2016-03-21,24.979999542236328,25.8799991607666,24.649999618530273,24.979999542236328,1150200
2016-03-22,25.440000534057617,25.799999237060547,24.6299991607666,24.780000686645508,805300
2016-03-23,23.25,25.700000762939453,23.1200008392334,25.700000762939453,1242900
2016-03-24,23.799999237060547,23.940000534057617,22.059999465942383,23.0,690700
2016-03-28,23.989999771118164,24.520000457763672,23.530000686645508,23.959999084472656,641700
2016-03-29,25.139999389648438,25.40999984741211,23.25,23.75,743300
2016-03-30,25.1299991607666,25.84000015258789,24.690000534057617,25.399999618530273,896800
2016-03-31,25.920000076293945,26.100000381469727,24.799999237060547,24.989999771118164,912900
2016-04-01,25.399999618530273,25.760000228881836,25.1299991607666,25.520000457763672,596700
2016-04-04,27.649999618530273,27.760000228881836,25.3799991607666,25.399999618530273,1974400
2016-04-05,27.149999618530273,28.0,26.6299991607666,27.5,1252600
2016-04-06,27.25,27.56999969482422,26.559999465942383,27.25,1104000
2016-04-07,27.280000686645508,28.260000228881836,27.079999923706055,27.25,816200
2016-04-08,26.510000228881836,28.049999237060547,26.399999618530273,27.540000915527344,783300
2016-04-11,27.059999465942383,27.229999542236328,26.329999923706055,26.639999389648438,907700
2016-04-12,27.270000457763672,27.940000534057617,26.209999084472656,27.940000534057617,703600
2016-04-13,27.709999084472656,28.010000228881836,27.100000381469727,27.299999237060547,980600
2016-04-14,29.350000381469727,30.459999084472656,28.399999618530273,28.90999984741211,3615000
2016-04-15,25.479999542236328,28.670000076293945,25.290000915527344,28.399999618530273,4017400
2016-04-18,26.139999389648438,26.530000686645508,25.110000610351562,25.420000076293945,1433900
2016-04-19,25.81999969482422,27.270000457763672,25.790000915527344,26.25,901200
2016-04-20,26.65999984741211,27.75,25.559999465942383,25.739999771118164,1324600
2016-04-21,27.290000915527344,27.829999923706055,26.700000762939453,26.700000762939453,831200
2016-04-22,26.209999084472656,27.799999237060547,25.899999618530273,26.889999389648438,1748200
2016-04-25,25.829999923706055,26.440000534057617,25.59000015258789,26.209999084472656,819300
2016-04-26,26.0,26.219999313354492,24.920000076293945,25.459999084472656,715300
2016-04-27,27.1299991607666,27.209999084472656,25.600000381469727,25.84000015258789,839000
2016-04-28,25.729999542236328,27.670000076293945,25.59000015258789,26.8799991607666,1020300
2016-04-29,24.469999313354492,26.040000915527344,24.350000381469727,25.719999313354492,1115300
2016-05-02,23.829999923706055,24.889999389648438,23.139999389648438,24.670000076293945,1246300
2016-05-03,22.84000015258789,23.670000076293945,22.170000076293945,23.579999923706055,1306000
2016-05-04,21.8700008392334,22.959999084472656,21.81999969482422,22.84000015258789,1364500
2016-05-05,21.280000686645508,22.399999618530273,20.850000381469727,22.399999618530273,1818100
2016-05-06,21.059999465942383,21.280000686645508,20.0,20.8799991607666,2021500
2016-05-09,20.790000915527344,23.549999237060547,19.809999465942383,23.549999237060547,3932900
2016-05-10,21.690000534057617,22.280000686645508,20.59000015258789,20.649999618530273,2144600
2016-05-11,21.139999389648438,22.020000457763672,21.0,21.389999389648438,1111100
2016-05-12,20.010000228881836,21.68000030517578,19.729999542236328,21.31999969482422,1290400
2016-05-13,20.3700008392334,21.709999084472656,20.030000686645508,20.600000381469727,1147600
2016-05-16,20.65999984741211,21.100000381469727,20.3700008392334,20.639999389648438,724200
2016-05-17,21.059999465942383,21.780000686645508,19.850000381469727,20.280000686645508,1046000
2016-05-18,20.43000030517578,21.350000381469727,20.040000915527344,20.459999084472656,1035900
2016-05-19,19.739999771118164,20.420000076293945,19.399999618530273,20.239999771118164,1398500
2016-05-20,20.15999984741211,20.299999237060547,19.760000228881836,19.799999237060547,772100
2016-05-23,20.459999084472656,20.899999618530273,20.059999465942383,20.100000381469727,780400
2016-05-24,22.079999923706055,22.649999618530273,21.049999237060547,21.110000610351562,1641400
2016-05-25,22.329999923706055,22.549999237060547,21.649999618530273,22.18000030517578,994500
2016-05-26,22.770000457763672,23.299999237060547,22.34000015258789,22.860000610351562,793700
2016-05-27,22.260000228881836,23.299999237060547,22.229999542236328,22.760000228881836,706800
2016-05-31,22.81999969482422,23.1200008392334,22.270000457763672,22.299999237060547,736300
2016-06-01,22.8799991607666,22.93000030517578,22.229999542236328,22.420000076293945,602300
2016-06-02,23.290000915527344,23.34000015258789,22.3799991607666,22.450000762939453,713400
2016-06-03,23.049999237060547,23.399999618530273,22.670000076293945,23.190000534057617,547900
2016-06-06,23.68000030517578,23.770000457763672,22.860000610351562,22.93000030517578,612000
2016-06-07,23.0,24.170000076293945,22.969999313354492,23.799999237060547,983800
2016-06-08,22.950000762939453,23.489999771118164,22.799999237060547,22.899999618530273,519100
2016-06-09,21.899999618530273,22.889999389648438,21.899999618530273,22.799999237060547,954300
2016-06-10,21.049999237060547,21.709999084472656,20.6299991607666,21.5,1323500
2016-06-13,21.190000534057617,21.8799991607666,20.799999237060547,20.84000015258789,1024200
2016-06-14,21.450000762939453,21.559999465942383,20.920000076293945,21.040000915527344,763700
2016-06-15,22.040000915527344,22.600000381469727,21.5,21.6200008392334,1010300
2016-06-16,21.549999237060547,22.209999084472656,20.799999237060547,21.729999542236328,666900
2016-06-17,22.100000381469727,22.850000381469727,21.420000076293945,21.5,892900
2016-06-20,22.350000381469727,22.899999618530273,22.280000686645508,22.489999771118164,589400
2016-06-21,22.549999237060547,22.729999542236328,22.049999237060547,22.290000915527344,424400
2016-06-22,21.799999237060547,22.860000610351562,21.770000457763672,22.459999084472656,536900
2016-06-23,23.260000228881836,23.31999969482422,21.969999313354492,22.020000457763672,1091400
2016-06-24,21.59000015258789,22.670000076293945,21.25,21.65999984741211,1743300
2016-06-27,20.020000457763672,21.479999542236328,19.920000076293945,21.290000915527344,1144500
2016-06-28,20.90999984741211,21.139999389648438,20.139999389648438,20.459999084472656,981800
2016-06-29,21.829999923706055,22.06999969482422,20.90999984741211,21.049999237060547,1048200
2016-06-30,22.889999389648438,23.100000381469727,21.799999237060547,21.899999618530273,1136600
2016-07-01,22.790000915527344,23.5,22.6200008392334,23.149999618530273,1095700
2016-07-05,22.34000015258789,22.6299991607666,21.81999969482422,22.43000030517578,745000
2016-07-06,22.040000915527344,22.3700008392334,21.709999084472656,22.079999923706055,821400
2016-07-07,22.25,22.389999389648438,22.030000686645508,22.25,846000
2016-07-08,23.190000534057617,23.25,22.219999313354492,22.450000762939453,1120400
2016-07-11,22.540000915527344,23.510000228881836,22.540000915527344,23.5,885500
2016-07-12,23.56999969482422,23.68000030517578,22.760000228881836,22.90999984741211,974800
2016-07-13,23.469999313354492,24.139999389648438,23.290000915527344,23.670000076293945,729800
2016-07-14,23.540000915527344,24.299999237060547,23.440000534057617,23.670000076293945,1386200
2016-07-15,23.290000915527344,23.959999084472656,22.729999542236328,23.549999237060547,858300
2016-07-18,21.170000076293945,21.920000076293945,20.1299991607666,21.549999237060547,3833800
2016-07-19,20.350000381469727,21.09000015258789,20.170000076293945,21.0,1740700
2016-07-20,20.520000457763672,20.709999084472656,20.31999969482422,20.3700008392334,1001200
2016-07-21,20.149999618530273,21.09000015258789,20.079999923706055,20.399999618530273,764500
2016-07-22,20.049999237060547,20.6200008392334,19.770000457763672,20.1200008392334,535100
2016-07-25,19.649999618530273,20.360000610351562,19.469999313354492,20.200000762939453,964900
2016-07-26,20.149999618530273,20.25,19.56999969482422,19.739999771118164,687900
2016-07-27,20.399999618530273,20.639999389648438,20.0,20.219999313354492,579300
2016-07-28,20.43000030517578,20.690000534057617,20.139999389648438,20.540000915527344,806200
2016-07-29,20.940000534057617,21.030000686645508,20.170000076293945,20.459999084472656,1002700
2016-08-01,20.09000015258789,21.1299991607666,19.799999237060547,21.09000015258789,1115000
2016-08-02,19.360000610351562,20.200000762939453,19.309999465942383,19.850000381469727,1000600
2016-08-03,20.399999618530273,20.90999984741211,19.700000762939453,20.010000228881836,3311500
2016-08-04,19.549999237060547,22.0,19.360000610351562,22.0,2398700
2016-08-05,20.149999618530273,20.450000762939453,19.389999389648438,19.520000457763672,1312900
2016-08-08,20.899999618530273,21.59000015258789,20.15999984741211,20.200000762939453,1123700
2016-08-09,20.739999771118164,21.049999237060547,20.440000534057617,21.020000457763672,734300
2016-08-10,20.90999984741211,21.3700008392334,20.649999618530273,20.690000534057617,751500
2016-08-11,21.18000030517578,21.280000686645508,20.700000762939453,21.010000228881836,592200
2016-08-12,20.989999771118164,21.6299991607666,20.760000228881836,21.010000228881836,871300
2016-08-15,21.290000915527344,21.399999618530273,20.75,21.0,1001800
2016-08-16,21.31999969482422,21.5,20.860000610351562,21.290000915527344,859100
2016-08-17,21.360000610351562,21.700000762939453,20.90999984741211,21.299999237060547,756600
2016-08-18,21.780000686645508,22.0,21.280000686645508,21.459999084472656,682600
2016-08-19,21.770000457763672,21.899999618530273,21.399999618530273,21.600000381469727,426200
2016-08-22,22.399999618530273,23.309999465942383,21.549999237060547,21.649999618530273,1525600
2016-08-23,22.530000686645508,22.68000030517578,22.0,22.530000686645508,596700
2016-08-24,23.170000076293945,23.850000381469727,22.510000228881836,22.68000030517578,1478300
2016-08-25,23.190000534057617,23.43000030517578,22.920000076293945,23.1200008392334,973600
2016-08-26,23.049999237060547,23.8799991607666,22.8700008392334,23.329999923706055,768800
2016-08-29,23.040000915527344,23.309999465942383,22.90999984741211,23.219999313354492,466900
2016-08-30,22.790000915527344,23.260000228881836,22.719999313354492,22.90999984741211,507700
2016-08-31,21.34000015258789,22.790000915527344,21.209999084472656,22.510000228881836,1104000
2016-09-01,21.329999923706055,22.0,20.8799991607666,22.0,888900
2016-09-02,21.93000030517578,22.3700008392334,21.40999984741211,21.579999923706055,900800
2016-09-06,22.760000228881836,23.729999542236328,22.719999313354492,23.0,2299900
2016-09-07,21.969999313354492,23.06999969482422,21.75,23.0,1261300
2016-09-08,22.309999465942383,22.690000534057617,21.780000686645508,21.850000381469727,892700
2016-09-09,21.690000534057617,22.200000762939453,21.649999618530273,22.010000228881836,828700
2016-09-12,21.520000457763672,21.579999923706055,20.90999984741211,21.5,807400
2016-09-13,21.360000610351562,21.549999237060547,20.639999389648438,21.219999313354492,1024300
2016-09-14,21.530000686645508,21.889999389648438,21.1299991607666,21.270000457763672,672500
2016-09-15,22.030000686645508,22.270000457763672,21.65999984741211,21.75,945900
2016-09-16,21.709999084472656,22.389999389648438,21.540000915527344,21.93000030517578,651800
2016-09-19,22.0,22.350000381469727,21.780000686645508,21.8799991607666,796700
2016-09-20,21.989999771118164,22.190000534057617,21.799999237060547,22.139999389648438,693600
2016-09-21,22.219999313354492,22.3700008392334,21.940000534057617,22.020000457763672,693200
2016-09-22,22.450000762939453,22.600000381469727,22.200000762939453,22.479999542236328,711700
2016-09-23,22.030000686645508,22.59000015258789,21.889999389648438,22.540000915527344,598800
2016-09-26,22.959999084472656,23.360000610351562,22.1200008392334,22.1299991607666,1490100
2016-09-27,23.040000915527344,23.3799991607666,22.6299991607666,23.020000457763672,699800
2016-09-28,23.850000381469727,24.1299991607666,23.06999969482422,23.100000381469727,1165500
2016-09-29,23.950000762939453,24.280000686645508,23.649999618530273,23.709999084472656,1036700
2016-09-30,24.09000015258789,25.15999984741211,24.0,24.200000762939453,1584500
2016-10-03,23.780000686645508,24.450000762939453,23.6299991607666,24.40999984741211,942100
2016-10-04,23.719999313354492,24.219999313354492,23.399999618530273,23.989999771118164,674900
2016-10-05,24.329999923706055,24.440000534057617,23.84000015258789,23.8700008392334,779300
2016-10-06,24.139999389648438,24.440000534057617,23.860000610351562,24.350000381469727,532500
2016-10-07,23.270000457763672,24.270000457763672,23.229999542236328,24.1200008392334,788000
2016-10-10,23.739999771118164,23.829999923706055,23.309999465942383,23.389999389648438,401600
2016-10-11,22.760000228881836,23.989999771118164,22.690000534057617,23.81999969482422,622000
2016-10-12,22.0,22.950000762939453,21.959999084472656,22.860000610351562,582700
2016-10-13,21.229999542236328,21.81999969482422,20.829999923706055,21.260000228881836,1329500
2016-10-14,20.790000915527344,21.729999542236328,20.469999313354492,21.3700008392334,940600
2016-10-17,20.59000015258789,20.93000030517578,19.90999984741211,20.719999313354492,803200
2016-10-18,20.389999389648438,20.93000030517578,20.34000015258789,20.600000381469727,618200
2016-10-19,20.350000381469727,20.739999771118164,20.0,20.389999389648438,538500
2016-10-20,20.299999237060547,20.440000534057617,19.950000762939453,20.270000457763672,585900
2016-10-21,19.93000030517578,20.899999618530273,19.809999465942383,20.270000457763672,1173000
2016-10-24,20.059999465942383,20.329999923706055,19.969999313354492,19.969999313354492,525000
2016-10-25,19.75,20.200000762939453,19.6200008392334,20.110000610351562,581100
2016-10-26,19.920000076293945,20.25,19.639999389648438,19.68000030517578,557900
2016-10-27,19.450000762939453,20.170000076293945,19.360000610351562,19.940000534057617,707600
2016-10-28,19.0,19.690000534057617,18.940000534057617,19.469999313354492,671200
2016-10-31,19.1200008392334,19.290000915527344,18.770000457763672,18.860000610351562,692600
2016-11-01,18.950000762939453,19.34000015258789,18.75,19.229999542236328,937900
2016-11-02,18.559999465942383,19.030000686645508,18.360000610351562,18.860000610351562,961100
2016-11-03,18.739999771118164,19.420000076293945,18.520000457763672,18.809999465942383,1104900
2016-11-04,18.280000686645508,18.90999984741211,18.200000762939453,18.690000534057617,856200
2016-11-07,19.06999969482422,19.440000534057617,18.40999984741211,18.40999984741211,928700
2016-11-08,19.040000915527344,19.190000534057617,18.530000686645508,19.010000228881836,545300
2016-11-09,19.6200008392334,19.68000030517578,18.5,18.649999618530273,937500
2016-11-10,19.950000762939453,20.59000015258789,19.670000076293945,19.920000076293945,1231100
2016-11-11,20.979999542236328,21.09000015258789,19.90999984741211,19.950000762939453,1025600
2016-11-14,20.5,21.049999237060547,19.700000762939453,21.0,1960500
2016-11-15,17.950000762939453,19.100000381469727,16.93000030517578,18.360000610351562,8123200
2016-11-16,17.979999542236328,18.610000610351562,17.450000762939453,17.809999465942383,2547300
2016-11-17,18.65999984741211,18.700000762939453,17.549999237060547,18.030000686645508,1585800
2016-11-18,18.639999389648438,18.899999618530273,18.40999984741211,18.6299991607666,1036100
2016-11-21,18.649999618530273,18.979999542236328,18.450000762939453,18.579999923706055,858100
2016-11-22,19.18000030517578,19.200000762939453,18.65999984741211,18.719999313354492,1093400
2016-11-23,19.18000030517578,19.290000915527344,18.940000534057617,19.1299991607666,595400
2016-11-25,19.020000457763672,19.18000030517578,18.729999542236328,19.18000030517578,377500
2016-11-28,18.600000381469727,19.0,18.389999389648438,18.889999389648438,991800
2016-11-29,18.170000076293945,18.700000762939453,18.1200008392334,18.559999465942383,880100
2016-11-30,18.049999237060547,18.43000030517578,17.93000030517578,18.260000228881836,536500
2016-12-01,17.530000686645508,18.270000457763672,17.360000610351562,18.049999237060547,963300
2016-12-02,17.829999923706055,17.920000076293945,17.420000076293945,17.43000030517578,633000
2016-12-05,19.049999237060547,19.09000015258789,18.0,18.0,1462600
2016-12-06,19.149999618530273,19.299999237060547,18.90999984741211,19.059999465942383,890700
2016-12-07,18.940000534057617,19.0,18.739999771118164,18.969999313354492,926100
2016-12-08,19.6200008392334,19.709999084472656,18.719999313354492,18.899999618530273,813600
2016-12-09,19.6299991607666,19.90999984741211,19.510000228881836,19.649999618530273,815600
2016-12-12,19.739999771118164,19.809999465942383,19.15999984741211,19.579999923706055,751000
2016-12-13,19.959999084472656,20.1299991607666,19.520000457763672,19.799999237060547,975500
2016-12-14,19.1299991607666,19.899999618530273,19.040000915527344,19.860000610351562,1057300
2016-12-15,19.030000686645508,19.489999771118164,18.610000610351562,19.1200008392334,637400
2016-12-16,18.950000762939453,19.559999465942383,18.799999237060547,19.079999923706055,788500
2016-12-19,19.059999465942383,19.25,18.829999923706055,18.950000762939453,529600
2016-12-20,18.68000030517578,19.1299991607666,18.280000686645508,19.020000457763672,722300
2016-12-21,18.25,18.790000915527344,18.100000381469727,18.56999969482422,530300
2016-12-22,17.829999923706055,18.209999084472656,17.729999542236328,18.18000030517578,546600
2016-12-23,17.889999389648438,18.170000076293945,17.780000686645508,17.829999923706055,498500
2016-12-27,17.770000457763672,18.059999465942383,17.610000610351562,17.670000076293945,608600
2016-12-28,17.010000228881836,17.770000457763672,16.950000762939453,17.770000457763672,980800
2016-12-29,16.670000076293945,17.09000015258789,16.450000762939453,16.950000762939453,969000
2016-12-30,16.540000915527344,16.809999465942383,16.3700008392334,16.6299991607666,876100
2017-01-03,17.889999389648438,17.93000030517578,16.8799991607666,16.8799991607666,1901600
2017-01-04,18.209999084472656,18.56999969482422,18.0,18.0,1007800
2017-01-05,17.770000457763672,18.489999771118164,17.6299991607666,18.18000030517578,560700
2017-01-06,17.979999542236328,18.170000076293945,17.719999313354492,17.940000534057617,446400
2017-01-09,18.75,19.049999237060547,17.889999389648438,18.010000228881836,1121200
2017-01-10,18.780000686645508,19.93000030517578,18.690000534057617,19.59000015258789,1242000
2017-01-11,18.8700008392334,19.1200008392334,18.6299991607666,18.8799991607666,505600
2017-01-12,18.84000015258789,18.979999542236328,18.239999771118164,18.790000915527344,418600
2017-01-13,19.3700008392334,19.489999771118164,18.899999618530273,18.899999618530273,593400
2017-01-17,19.440000534057617,19.520000457763672,19.110000610351562,19.350000381469727,620200
2017-01-18,19.450000762939453,19.690000534057617,19.270000457763672,19.440000534057617,489000
2017-01-19,19.8799991607666,20.299999237060547,19.15999984741211,19.420000076293945,952000
2017-01-20,19.760000228881836,20.239999771118164,19.709999084472656,19.899999618530273,721800
2017-01-23,19.610000610351562,19.90999984741211,19.15999984741211,19.809999465942383,622400
2017-01-24,19.8700008392334,20.09000015258789,19.540000915527344,19.56999969482422,696200
2017-01-25,20.0,20.200000762939453,19.709999084472656,19.709999084472656,700300
2017-01-26,19.90999984741211,20.239999771118164,19.809999465942383,20.15999984741211,456600
2017-01-27,19.649999618530273,20.09000015258789,19.510000228881836,19.959999084472656,387700
2017-01-30,19.479999542236328,19.690000534057617,19.190000534057617,19.6200008392334,564900
2017-01-31,19.719999313354492,19.75,19.280000686645508,19.420000076293945,437700
2017-02-01,19.670000076293945,20.170000076293945,19.420000076293945,19.850000381469727,559800
2017-02-02,19.65999984741211,19.8799991607666,19.559999465942383,19.719999313354492,416100
2017-02-03,19.920000076293945,20.09000015258789,19.729999542236328,19.729999542236328,588600
2017-02-06,19.600000381469727,20.1299991607666,19.59000015258789,19.809999465942383,488500
2017-02-07,19.639999389648438,19.969999313354492,19.360000610351562,19.799999237060547,542200
2017-02-08,19.709999084472656,19.81999969482422,19.360000610351562,19.600000381469727,533200
2017-02-09,20.850000381469727,20.93000030517578,19.75,19.75,1030900
2017-02-10,21.25,21.670000076293945,21.010000228881836,21.34000015258789,1113300
2017-02-13,21.8700008392334,21.940000534057617,21.100000381469727,21.81999969482422,953400
2017-02-14,21.969999313354492,22.1299991607666,21.739999771118164,21.90999984741211,719900
2017-02-15,21.56999969482422,22.110000610351562,21.270000457763672,22.0,871400
2017-02-16,20.90999984741211,21.75,20.799999237060547,21.5,768100
2017-02-17,21.200000762939453,21.209999084472656,20.68000030517578,20.829999923706055,531400
2017-02-21,21.139999389648438,21.479999542236328,20.6200008392334,21.239999771118164,856800
2017-02-22,20.850000381469727,21.15999984741211,20.690000534057617,21.020000457763672,463000
2017-02-23,20.709999084472656,20.90999984741211,20.530000686645508,20.860000610351562,599300
2017-02-24,20.43000030517578,20.700000762939453,20.1200008392334,20.6299991607666,599100
2017-02-27,20.940000534057617,21.020000457763672,20.360000610351562,20.440000534057617,458500
2017-02-28,19.770000457763672,20.889999389648438,19.700000762939453,20.889999389648438,1172800
2017-03-01,20.149999618530273,20.260000228881836,19.799999237060547,19.93000030517578,580800
2017-03-02,19.520000457763672,20.15999984741211,19.5,19.889999389648438,646900
2017-03-03,19.350000381469727,19.93000030517578,19.139999389648438,19.450000762939453,539400
2017-03-06,19.549999237060547,19.889999389648438,19.209999084472656,19.299999237060547,754700
2017-03-07,19.489999771118164,19.639999389648438,19.299999237060547,19.5,573800
2017-03-08,20.059999465942383,20.25,19.440000534057617,19.59000015258789,1218300
2017-03-09,18.170000076293945,19.440000534057617,18.059999465942383,18.5,2524100
2017-03-10,18.709999084472656,18.760000228881836,18.040000915527344,18.25,1063700
2017-03-13,19.649999618530273,19.65999984741211,18.739999771118164,18.770000457763672,1122600
2017-03-14,19.350000381469727,19.520000457763672,18.940000534057617,19.520000457763672,886500
2017-03-15,19.719999313354492,19.790000915527344,19.200000762939453,19.3799991607666,605200
2017-03-16,20.15999984741211,20.209999084472656,19.739999771118164,19.829999923706055,476800
2017-03-17,20.260000228881836,20.440000534057617,20.020000457763672,20.15999984741211,685200
2017-03-20,20.329999923706055,20.450000762939453,19.969999313354492,20.110000610351562,677500
2017-03-21,19.579999923706055,20.770000457763672,19.5,20.360000610351562,862500
2017-03-22,18.790000915527344,19.59000015258789,18.790000915527344,19.5,736600
2017-03-23,19.149999618530273,19.15999984741211,18.700000762939453,18.799999237060547,568200
2017-03-24,19.190000534057617,19.5,19.06999969482422,19.239999771118164,336500
2017-03-27,19.440000534057617,19.530000686645508,18.75,18.979999542236328,433200
2017-03-28,19.65999984741211,19.780000686645508,19.25,19.34000015258789,347200
2017-03-29,20.110000610351562,20.290000915527344,19.329999923706055,19.600000381469727,493200
2017-03-30,20.290000915527344,20.34000015258789,20.049999237060547,20.1200008392334,553000
2017-03-31,20.489999771118164,20.729999542236328,20.190000534057617,20.299999237060547,666300
2017-04-03,20.25,20.690000534057617,20.1200008392334,20.639999389648438,456600
2017-04-04,19.90999984741211,20.34000015258789,19.84000015258789,20.139999389648438,424600
2017-04-05,19.959999084472656,20.399999618530273,19.8700008392334,20.040000915527344,455000
2017-04-06,20.40999984741211,20.43000030517578,19.90999984741211,20.079999923706055,431500
2017-04-07,20.459999084472656,20.6200008392334,20.200000762939453,20.260000228881836,371400
2017-04-10,20.770000457763672,21.18000030517578,20.280000686645508,20.450000762939453,703500
2017-04-11,21.100000381469727,21.100000381469727,20.559999465942383,20.59000015258789,387500
2017-04-12,21.0,21.3700008392334,20.809999465942383,21.100000381469727,489600
2017-04-13,21.0,21.290000915527344,20.850000381469727,20.979999542236328,398900
2017-04-17,21.299999237060547,21.399999618530273,20.889999389648438,21.020000457763672,435200
2017-04-18,23.770000457763672,23.809999465942383,22.049999237060547,22.100000381469727,3140000
2017-04-19,23.920000076293945,24.149999618530273,23.18000030517578,23.65999984741211,1340900
2017-04-20,24.309999465942383,24.799999237060547,23.920000076293945,24.0,1228600
2017-04-21,24.030000686645508,24.299999237060547,24.0,24.280000686645508,718200
2017-04-24,24.040000915527344,24.579999923706055,24.0,24.079999923706055,1071100
2017-04-25,24.3700008392334,24.469999313354492,24.06999969482422,24.06999969482422,693800
2017-04-26,25.299999237060547,25.3799991607666,24.229999542236328,24.3700008392334,1013600
2017-04-27,24.829999923706055,25.290000915527344,24.690000534057617,25.229999542236328,733100
2017-04-28,24.760000228881836,24.920000076293945,24.65999984741211,24.920000076293945,540100
2017-05-01,25.520000457763672,25.639999389648438,24.770000457763672,24.959999084472656,604100
2017-05-02,25.850000381469727,25.889999389648438,25.309999465942383,25.530000686645508,744400
2017-05-03,26.1299991607666,26.510000228881836,25.670000076293945,25.850000381469727,1026700
2017-05-04,25.639999389648438,26.440000534057617,25.110000610351562,26.149999618530273,1209800
2017-05-05,26.510000228881836,26.549999237060547,25.639999389648438,25.790000915527344,774400
2017-05-08,27.219999313354492,27.25,26.329999923706055,26.510000228881836,807300
2017-05-09,27.860000610351562,28.0,26.610000610351562,27.219999313354492,1173800
2017-05-10,29.149999618530273,29.3799991607666,27.8700008392334,27.8700008392334,1494000
2017-05-11,29.65999984741211,29.940000534057617,28.639999389648438,29.0,1459300
2017-05-12,29.959999084472656,30.260000228881836,28.920000076293945,29.549999237060547,1273900
2017-05-15,29.93000030517578,30.75,28.549999237060547,28.559999465942383,2909500
2017-05-16,30.65999984741211,30.8799991607666,26.829999923706055,28.0,4481200
2017-05-17,27.799999237060547,30.549999237060547,27.280000686645508,29.579999923706055,3597200
2017-05-18,28.010000228881836,28.440000534057617,27.049999237060547,27.219999313354492,1489900
2017-05-19,27.979999542236328,28.459999084472656,27.68000030517578,28.149999618530273,1157100
2017-05-22,28.65999984741211,28.729999542236328,27.850000381469727,28.059999465942383,1076400
2017-05-23,28.239999771118164,29.0,27.84000015258789,28.799999237060547,884000
2017-05-24,28.049999237060547,28.68000030517578,27.969999313354492,28.239999771118164,836700
2017-05-25,28.350000381469727,28.600000381469727,27.959999084472656,28.350000381469727,773000
2017-05-26,28.139999389648438,28.5,27.860000610351562,28.270000457763672,540400
2017-05-30,27.06999969482422,28.239999771118164,27.049999237060547,28.049999237060547,832800
2017-05-31,26.899999618530273,27.06999969482422,26.219999313354492,27.06999969482422,941200
2017-06-01,27.829999923706055,27.8799991607666,26.920000076293945,27.0,756700
2017-06-02,27.770000457763672,28.09000015258789,27.299999237060547,27.829999923706055,540900
2017-06-05,27.600000381469727,27.889999389648438,27.43000030517578,27.600000381469727,367500
2017-06-06,27.649999618530273,27.860000610351562,27.209999084472656,27.360000610351562,624600
2017-06-07,27.649999618530273,28.239999771118164,27.309999465942383,27.690000534057617,677200
2017-06-08,28.350000381469727,28.399999618530273,27.420000076293945,27.700000762939453,651200
2017-06-09,26.510000228881836,28.8799991607666,26.43000030517578,28.389999389648438,883400
2017-06-12,26.260000228881836,26.690000534057617,25.420000076293945,26.399999618530273,837100
2017-06-13,26.670000076293945,26.850000381469727,26.049999237060547,26.540000915527344,484000
2017-06-14,26.200000762939453,26.969999313354492,25.93000030517578,26.700000762939453,483000
2017-06-15,26.40999984741211,26.559999465942383,25.5,25.65999984741211,493400
2017-06-16,26.31999969482422,26.75,26.110000610351562,26.299999237060547,603900
2017-06-19,27.579999923706055,27.739999771118164,26.5,26.6200008392334,533900
2017-06-20,27.030000686645508,27.760000228881836,26.81999969482422,27.610000610351562,373300
2017-06-21,27.25,27.709999084472656,26.59000015258789,26.899999618530273,591400
2017-06-22,27.709999084472656,28.149999618530273,27.200000762939453,27.260000228881836,727200
2017-06-23,27.610000610351562,27.950000762939453,27.540000915527344,27.729999542236328,662300
2017-06-26,24.389999389648438,26.540000915527344,24.09000015258789,26.030000686645508,2312200
2017-06-27,24.15999984741211,24.760000228881836,24.049999237060547,24.34000015258789,804000
2017-06-28,24.229999542236328,24.600000381469727,23.489999771118164,24.219999313354492,697700
2017-06-29,24.059999465942383,24.200000762939453,23.110000610351562,24.200000762939453,778900
2017-06-30,23.309999465942383,24.260000228881836,23.219999313354492,24.260000228881836,519100
2017-07-03,23.389999389648438,23.510000228881836,22.940000534057617,23.420000076293945,369100
2017-07-05,23.459999084472656,23.510000228881836,23.010000228881836,23.389999389648438,515700
2017-07-06,22.809999465942383,23.469999313354492,22.690000534057617,23.219999313354492,530500
2017-07-07,23.09000015258789,23.690000534057617,22.860000610351562,22.950000762939453,389000
2017-07-10,23.510000228881836,23.690000534057617,23.040000915527344,23.040000915527344,450100
2017-07-11,23.93000030517578,24.170000076293945,23.18000030517578,23.559999465942383,415900
2017-07-12,24.190000534057617,24.530000686645508,23.84000015258789,24.040000915527344,495800
2017-07-13,23.649999618530273,24.360000610351562,23.600000381469727,24.299999237060547,615700
2017-07-14,24.0,24.239999771118164,23.200000762939453,23.65999984741211,582400
2017-07-17,23.709999084472656,24.18000030517578,23.56999969482422,23.959999084472656,321700
2017-07-18,23.760000228881836,24.459999084472656,23.600000381469727,23.690000534057617,610300
2017-07-19,24.010000228881836,24.350000381469727,23.709999084472656,23.8799991607666,381000
2017-07-20,23.600000381469727,24.100000381469727,23.200000762939453,24.100000381469727,452800
2017-07-21,24.110000610351562,24.1299991607666,23.34000015258789,23.799999237060547,535000
2017-07-24,24.360000610351562,24.479999542236328,23.989999771118164,24.200000762939453,359200
2017-07-25,25.110000610351562,25.170000076293945,24.25,24.309999465942383,481300
2017-07-26,24.739999771118164,25.350000381469727,24.65999984741211,25.15999984741211,480100
2017-07-27,24.559999465942383,25.229999542236328,24.190000534057617,24.760000228881836,521000
2017-07-28,24.389999389648438,24.690000534057617,24.139999389648438,24.360000610351562,260200
2017-07-31,23.989999771118164,24.479999542236328,23.6299991607666,24.389999389648438,375200
2017-08-01,24.34000015258789,24.389999389648438,23.93000030517578,24.139999389648438,348700
2017-08-02,24.25,24.579999923706055,23.709999084472656,24.399999618530273,374500
2017-08-03,23.25,23.829999923706055,23.030000686645508,23.399999618530273,970100
2017-08-04,23.5,23.719999313354492,22.610000610351562,22.610000610351562,347200
2017-08-07,22.59000015258789,23.610000610351562,22.549999237060547,23.520000457763672,880500
2017-08-08,22.389999389648438,23.06999969482422,22.25,22.59000015258789,1426600
2017-08-09,22.290000915527344,23.84000015258789,21.75,23.049999237060547,1306400
2017-08-10,22.25,23.450000762939453,21.950000762939453,23.149999618530273,1291000
2017-08-11,22.950000762939453,23.200000762939453,22.350000381469727,22.469999313354492,728200
2017-08-14,22.8799991607666,23.280000686645508,22.790000915527344,23.18000030517578,462500
2017-08-15,22.219999313354492,23.040000915527344,22.059999465942383,22.989999771118164,741000
2017-08-16,21.8799991607666,22.31999969482422,21.860000610351562,22.149999618530273,559700
2017-08-17,21.389999389648438,22.219999313354492,21.280000686645508,21.809999465942383,979100
2017-08-18,20.950000762939453,21.549999237060547,20.920000076293945,21.34000015258789,637800
2017-08-21,21.09000015258789,21.309999465942383,20.670000076293945,20.959999084472656,689300
2017-08-22,21.75,21.8700008392334,21.1200008392334,21.1299991607666,410900
2017-08-23,21.889999389648438,22.09000015258789,21.549999237060547,21.780000686645508,376900
2017-08-24,21.739999771118164,22.0,21.559999465942383,21.989999771118164,400200
2017-08-25,21.729999542236328,22.200000762939453,21.65999984741211,21.799999237060547,285800
2017-08-28,21.969999313354492,22.0,21.6200008392334,21.81999969482422,248400
2017-08-29,22.520000457763672,22.739999771118164,21.65999984741211,21.760000228881836,563200
2017-08-30,22.56999969482422,22.860000610351562,22.5,22.549999237060547,372800
2017-08-31,22.3799991607666,22.780000686645508,22.329999923706055,22.579999923706055,311200
2017-09-01,22.709999084472656,22.969999313354492,22.360000610351562,22.360000610351562,315000
2017-09-05,22.8799991607666,23.219999313354492,22.459999084472656,22.6299991607666,361000
2017-09-06,22.93000030517578,23.1299991607666,22.459999084472656,23.040000915527344,261300
2017-09-07,23.049999237060547,23.1200008392334,22.559999465942383,22.950000762939453,317000
2017-09-08,22.700000762939453,23.200000762939453,22.510000228881836,23.030000686645508,306500
2017-09-11,23.31999969482422,23.399999618530273,22.860000610351562,22.860000610351562,367800
2017-09-12,23.8700008392334,24.170000076293945,23.3700008392334,23.3700008392334,535000
2017-09-13,23.93000030517578,24.010000228881836,23.440000534057617,23.790000915527344,347800
2017-09-14,23.739999771118164,24.209999084472656,23.510000228881836,23.68000030517578,451100
2017-09-15,24.059999465942383,24.190000534057617,23.510000228881836,23.649999618530273,556100
2017-09-18,23.68000030517578,24.43000030517578,23.510000228881836,24.229999542236328,333600
2017-09-19,23.65999984741211,24.059999465942383,23.6200008392334,23.799999237060547,262800
2017-09-20,22.90999984741211,23.56999969482422,22.760000228881836,23.56999969482422,561300
2017-09-21,22.770000457763672,23.079999923706055,22.530000686645508,22.850000381469727,309100
2017-09-22,22.940000534057617,23.079999923706055,22.530000686645508,22.610000610351562,213700
2017-09-25,22.40999984741211,22.799999237060547,21.899999618530273,22.75,339200
2017-09-26,22.6299991607666,22.700000762939453,22.219999313354492,22.579999923706055,193600
2017-09-27,23.489999771118164,23.549999237060547,22.600000381469727,22.690000534057617,408700
2017-09-28,22.790000915527344,23.549999237060547,22.6200008392334,23.489999771118164,448000
2017-09-29,23.1200008392334,23.149999618530273,22.700000762939453,22.860000610351562,507900
2017-10-02,24.3799991607666,24.3799991607666,23.09000015258789,23.329999923706055,712600
2017-10-03,24.530000686645508,24.639999389648438,24.239999771118164,24.420000076293945,594200
2017-10-04,24.299999237060547,25.0,24.170000076293945,24.56999969482422,685100
2017-10-05,24.1299991607666,24.43000030517578,23.809999465942383,24.3700008392334,462700
2017-10-06,23.639999389648438,24.049999237060547,23.40999984741211,24.049999237060547,356000
2017-10-09,23.389999389648438,23.739999771118164,23.229999542236328,23.639999389648438,243000
2017-10-10,22.59000015258789,23.520000457763672,22.479999542236328,23.40999984741211,796900
2017-10-11,22.920000076293945,22.989999771118164,22.209999084472656,22.5,497100
2017-10-12,23.110000610351562,23.649999618530273,22.8700008392334,22.920000076293945,658100
2017-10-13,21.40999984741211,22.34000015258789,20.450000762939453,22.34000015258789,2610900
2017-10-16,21.350000381469727,22.200000762939453,21.299999237060547,21.639999389648438,1592700
2017-10-17,20.81999969482422,21.3700008392334,20.690000534057617,21.299999237060547,778100
2017-10-18,21.989999771118164,22.290000915527344,21.25,21.649999618530273,2035000
2017-10-19,20.950000762939453,22.040000915527344,20.690000534057617,22.0,1776800
2017-10-20,23.209999084472656,23.450000762939453,21.670000076293945,21.760000228881836,2535600
2017-10-23,22.770000457763672,23.389999389648438,22.31999969482422,23.389999389648438,1359100
2017-10-24,23.469999313354492,23.899999618530273,22.760000228881836,22.760000228881836,850900
2017-10-25,22.780000686645508,23.8799991607666,22.600000381469727,23.469999313354492,586500
2017-10-26,22.709999084472656,23.170000076293945,22.510000228881836,22.969999313354492,414600
2017-10-27,22.079999923706055,22.90999984741211,21.90999984741211,22.809999465942383,1022300
2017-10-30,22.1299991607666,22.479999542236328,21.93000030517578,22.100000381469727,584200
2017-10-31,22.520000457763672,22.600000381469727,22.020000457763672,22.25,638600
2017-11-01,20.979999542236328,22.209999084472656,20.780000686645508,21.059999465942383,1982800
2017-11-02,20.639999389648438,21.020000457763672,20.100000381469727,20.829999923706055,1319400
2017-11-03,21.229999542236328,21.260000228881836,20.40999984741211,20.600000381469727,1006300
2017-11-06,21.309999465942383,21.6200008392334,20.600000381469727,21.149999618530273,702400
2017-11-07,21.260000228881836,21.8700008392334,21.1200008392334,21.270000457763672,896300
2017-11-08,21.209999084472656,21.219999313354492,20.299999237060547,21.170000076293945,695000
2017-11-09,20.799999237060547,21.149999618530273,20.469999313354492,21.0,392800
2017-11-10,20.450000762939453,21.040000915527344,20.399999618530273,20.709999084472656,870500
2017-11-13,20.1200008392334,20.489999771118164,19.559999465942383,20.229999542236328,2014400
2017-11-14,20.979999542236328,23.75,20.010000228881836,22.059999465942383,5403100
2017-11-15,20.360000610351562,20.989999771118164,20.239999771118164,20.899999618530273,1080300
2017-11-16,20.850000381469727,21.149999618530273,20.610000610351562,20.690000534057617,1063600
2017-11-17,20.979999542236328,21.170000076293945,20.700000762939453,20.90999984741211,674000
2017-11-20,21.309999465942383,21.559999465942383,20.719999313354492,21.110000610351562,628200
2017-11-21,22.1200008392334,22.219999313354492,21.43000030517578,21.520000457763672,724200
2017-11-22,22.15999984741211,22.56999969482422,21.809999465942383,22.170000076293945,436500
2017-11-24,22.149999618530273,22.329999923706055,21.90999984741211,22.290000915527344,347100
2017-11-27,22.360000610351562,22.510000228881836,21.940000534057617,22.100000381469727,471100
2017-11-28,22.700000762939453,22.829999923706055,21.969999313354492,22.3700008392334,749100
2017-11-29,22.110000610351562,22.889999389648438,21.829999923706055,22.780000686645508,620000
2017-11-30,21.780000686645508,22.31999969482422,21.610000610351562,22.229999542236328,447700
2017-12-01,21.709999084472656,21.989999771118164,20.860000610351562,21.739999771118164,502800
2017-12-04,20.760000228881836,22.18000030517578,20.700000762939453,21.75,809000
2017-12-05,21.43000030517578,21.56999969482422,20.790000915527344,20.790000915527344,580400
2017-12-06,21.149999618530273,21.530000686645508,20.770000457763672,21.270000457763672,444400
2017-12-07,21.520000457763672,21.8700008392334,21.149999618530273,21.18000030517578,546500
2017-12-08,21.270000457763672,21.610000610351562,21.18000030517578,21.610000610351562,390600
2017-12-11,20.940000534057617,21.639999389648438,20.860000610351562,21.350000381469727,507900
2017-12-12,21.520000457763672,21.75,20.979999542236328,21.010000228881836,616400
2017-12-13,21.59000015258789,21.75,21.420000076293945,21.479999542236328,570000
2017-12-14,21.68000030517578,22.479999542236328,21.549999237060547,21.549999237060547,577300
2017-12-15,22.450000762939453,22.520000457763672,21.709999084472656,21.829999923706055,1027700
2017-12-18,21.850000381469727,22.950000762939453,21.600000381469727,22.690000534057617,1065900
2017-12-19,21.440000534057617,22.020000457763672,21.40999984741211,21.899999618530273,750400
2017-12-20,21.270000457763672,21.739999771118164,21.139999389648438,21.6299991607666,428500
2017-12-21,21.3799991607666,21.600000381469727,21.25,21.25,475200
2017-12-22,20.829999923706055,21.350000381469727,20.56999969482422,21.239999771118164,551200
2017-12-26,20.450000762939453,20.700000762939453,20.1299991607666,20.690000534057617,460300
2017-12-27,20.510000228881836,20.8799991607666,20.399999618530273,20.5,527200
2017-12-28,20.020000457763672,20.75,19.829999923706055,20.610000610351562,1020100
2017-12-29,19.959999084472656,20.209999084472656,19.549999237060547,20.010000228881836,788900
2018-01-02,20.739999771118164,20.739999771118164,20.049999237060547,20.329999923706055,429600
2018-01-03,21.200000762939453,21.290000915527344,20.84000015258789,20.959999084472656,505200
2018-01-04,21.139999389648438,21.469999313354492,20.950000762939453,21.350000381469727,559400
2018-01-05,21.110000610351562,21.3799991607666,20.829999923706055,21.290000915527344,482300
2018-01-08,21.209999084472656,21.290000915527344,20.700000762939453,21.100000381469727,471300
2018-01-09,21.34000015258789,21.549999237060547,20.899999618530273,21.350000381469727,421700
2018-01-10,21.6200008392334,21.649999618530273,21.110000610351562,21.239999771118164,588300
2018-01-11,22.290000915527344,22.309999465942383,21.530000686645508,21.610000610351562,705600
2018-01-12,23.239999771118164,23.43000030517578,22.290000915527344,22.290000915527344,814400
2018-01-16,23.299999237060547,24.200000762939453,23.06999969482422,23.520000457763672,1440900
2018-01-17,22.399999618530273,23.530000686645508,22.309999465942383,23.3700008392334,882400
2018-01-18,22.790000915527344,22.829999923706055,22.049999237060547,22.399999618530273,520700
2018-01-19,22.81999969482422,23.25,22.709999084472656,22.81999969482422,545400
2018-01-22,22.690000534057617,23.059999465942383,22.3700008392334,22.90999984741211,514900
2018-01-23,22.68000030517578,23.25,22.489999771118164,22.700000762939453,952900
2018-01-24,22.469999313354492,23.040000915527344,22.030000686645508,22.780000686645508,615100
2018-01-25,22.3799991607666,22.6299991607666,22.149999618530273,22.5,440300
2018-01-26,22.290000915527344,22.450000762939453,21.670000076293945,22.3799991607666,537000
2018-01-29,21.959999084472656,22.280000686645508,21.809999465942383,22.110000610351562,647900
2018-01-30,21.3799991607666,21.850000381469727,21.239999771118164,21.799999237060547,648700
2018-01-31,21.389999389648438,21.760000228881836,21.190000534057617,21.5,360200
2018-02-01,21.360000610351562,21.479999542236328,21.06999969482422,21.299999237060547,473100
2018-02-02,20.209999084472656,21.40999984741211,20.149999618530273,21.219999313354492,634800
2018-02-05,19.459999084472656,20.3799991607666,19.3700008392334,20.0,945200
2018-02-06,20.100000381469727,20.25,18.469999313354492,18.90999984741211,910100
2018-02-07,20.3799991607666,20.530000686645508,19.920000076293945,20.06999969482422,570100
2018-02-08,19.809999465942383,20.889999389648438,19.56999969482422,20.65999984741211,622200
2018-02-09,19.6200008392334,20.09000015258789,19.049999237060547,20.030000686645508,990400
2018-02-12,19.860000610351562,19.989999771118164,19.399999618530273,19.670000076293945,529300
2018-02-13,20.209999084472656,20.309999465942383,19.670000076293945,19.709999084472656,490900
2018-02-14,20.760000228881836,20.90999984741211,19.920000076293945,19.979999542236328,494100
2018-02-15,21.170000076293945,21.450000762939453,20.760000228881836,20.959999084472656,502400
2018-02-16,21.030000686645508,21.3700008392334,20.940000534057617,21.15999984741211,354500
2018-02-20,21.350000381469727,21.489999771118164,20.969999313354492,20.969999313354492,416000
2018-02-21,21.489999771118164,21.8700008392334,21.34000015258789,21.350000381469727,536500
2018-02-22,21.25,21.709999084472656,21.15999984741211,21.540000915527344,363500
2018-02-23,21.440000534057617,21.65999984741211,21.190000534057617,21.31999969482422,326800
2018-02-26,22.239999771118164,22.239999771118164,21.5,21.510000228881836,527900
2018-02-27,21.81999969482422,22.639999389648438,21.760000228881836,22.34000015258789,1032200
2018-02-28,18.229999542236328,21.25,18.1200008392334,21.030000686645508,4301300
2018-03-01,18.729999542236328,19.350000381469727,18.0,18.56999969482422,2702900
2018-03-02,20.34000015258789,20.43000030517578,18.350000381469727,18.420000076293945,1498400
2018-03-05,21.809999465942383,21.93000030517578,20.09000015258789,20.18000030517578,1632900
2018-03-06,22.68000030517578,22.959999084472656,21.950000762939453,22.0,2256900
2018-03-07,22.139999389648438,23.170000076293945,21.969999313354492,22.40999984741211,1138100
2018-03-08,22.6299991607666,22.760000228881836,22.1299991607666,22.15999984741211,610400
2018-03-09,22.489999771118164,23.149999618530273,22.25,22.90999984741211,943800
2018-03-12,22.280000686645508,22.760000228881836,22.229999542236328,22.479999542236328,942200
2018-03-13,22.520000457763672,22.760000228881836,22.229999542236328,22.479999542236328,733200
2018-03-14,22.229999542236328,22.610000610351562,22.1200008392334,22.579999923706055,462600
2018-03-15,22.1299991607666,22.649999618530273,21.889999389648438,22.389999389648438,505800
2018-03-16,22.280000686645508,22.3700008392334,21.969999313354492,22.09000015258789,553100
2018-03-19,21.760000228881836,22.239999771118164,21.360000610351562,22.149999618530273,459400
2018-03-20,21.90999984741211,22.329999923706055,21.6299991607666,21.84000015258789,272000
2018-03-21,21.799999237060547,22.200000762939453,21.579999923706055,21.809999465942383,388100
2018-03-22,21.06999969482422,21.770000457763672,21.010000228881836,21.510000228881836,434300
2018-03-23,20.15999984741211,21.309999465942383,20.15999984741211,21.1200008392334,686600
2018-03-26,20.559999465942383,20.770000457763672,19.950000762939453,20.610000610351562,385400
2018-03-27,20.030000686645508,20.790000915527344,19.969999313354492,20.600000381469727,377700
2018-03-28,19.75,20.079999923706055,19.520000457763672,19.950000762939453,566400
2018-03-29,20.18000030517578,20.530000686645508,19.639999389648438,19.93000030517578,1436700
2018-04-02,19.690000534057617,20.149999618530273,19.530000686645508,20.010000228881836,691100
2018-04-03,19.579999923706055,19.93000030517578,19.229999542236328,19.90999984741211,642600
2018-04-04,19.6200008392334,19.670000076293945,18.399999618530273,19.049999237060547,1189100
2018-04-05,19.729999542236328,20.06999969482422,19.600000381469727,19.799999237060547,370400
2018-04-06,19.450000762939453,19.770000457763672,19.1299991607666,19.469999313354492,517500
2018-04-09,19.360000610351562,19.75,19.350000381469727,19.600000381469727,530900
2018-04-10,20.040000915527344,20.25,19.530000686645508,19.700000762939453,498400
2018-04-11,20.260000228881836,20.530000686645508,19.770000457763672,19.899999618530273,349200
2018-04-12,20.489999771118164,20.799999237060547,20.290000915527344,20.40999984741211,365600
2018-04-13,20.610000610351562,20.690000534057617,20.15999984741211,20.579999923706055,354300
2018-04-16,20.940000534057617,21.049999237060547,20.540000915527344,20.770000457763672,406400
2018-04-17,21.280000686645508,21.6299991607666,21.010000228881836,21.010000228881836,619500
2018-04-18,21.510000228881836,21.93000030517578,21.219999313354492,21.43000030517578,781200
2018-04-19,21.110000610351562,21.510000228881836,20.8799991607666,21.459999084472656,531200
2018-04-20,21.520000457763672,21.56999969482422,20.940000534057617,21.040000915527344,391000
2018-04-23,21.170000076293945,21.6299991607666,21.0,21.59000015258789,299600
2018-04-24,20.649999618530273,21.34000015258789,20.420000076293945,21.219999313354492,401400
2018-04-25,20.65999984741211,20.81999969482422,20.420000076293945,20.690000534057617,432000
2018-04-26,19.479999542236328,19.90999984741211,18.700000762939453,19.010000228881836,1315000
2018-04-27,19.010000228881836,19.639999389648438,18.780000686645508,19.5,783900
2018-04-30,19.170000076293945,19.5,19.0,19.049999237060547,444000
2018-05-01,19.860000610351562,19.93000030517578,19.100000381469727,19.100000381469727,677600
2018-05-02,17.860000610351562,18.219999313354492,17.299999237060547,18.030000686645508,4153700
2018-05-03,17.350000381469727,18.020000457763672,17.170000076293945,17.8700008392334,2056000
2018-05-04,17.969999313354492,18.100000381469727,17.270000457763672,17.59000015258789,1491700
2018-05-07,18.6200008392334,18.889999389648438,18.0,18.0,1045000
2018-05-08,19.510000228881836,19.530000686645508,18.600000381469727,18.6299991607666,779000
2018-05-09,20.420000076293945,20.440000534057617,19.329999923706055,19.549999237060547,844000
2018-05-10,20.6200008392334,20.950000762939453,20.280000686645508,20.479999542236328,1442300
2018-05-11,20.219999313354492,20.889999389648438,20.100000381469727,20.68000030517578,505000
2018-05-14,19.84000015258789,20.329999923706055,19.790000915527344,20.239999771118164,594900
2018-05-15,20.43000030517578,20.479999542236328,19.510000228881836,19.56999969482422,481100
2018-05-16,19.959999084472656,20.510000228881836,19.860000610351562,20.510000228881836,603400
2018-05-17,19.899999618530273,20.270000457763672,19.75,19.920000076293945,588400
2018-05-18,19.979999542236328,20.139999389648438,19.899999618530273,19.93000030517578,242800
2018-05-21,20.110000610351562,20.3799991607666,19.959999084472656,20.170000076293945,328700
2018-05-22,19.8700008392334,20.299999237060547,19.850000381469727,20.190000534057617,280900
2018-05-23,19.780000686645508,19.84000015258789,19.459999084472656,19.729999542236328,569900
2018-05-24,19.25,19.760000228881836,19.139999389648438,19.760000228881836,510800
2018-05-25,19.0,19.450000762939453,18.989999771118164,19.280000686645508,398300
2018-05-29,18.950000762939453,19.31999969482422,18.299999237060547,18.479999542236328,529200
2018-05-30,18.850000381469727,19.219999313354492,18.600000381469727,18.950000762939453,878700
2018-05-31,18.600000381469727,19.040000915527344,18.450000762939453,18.8799991607666,701700
2018-06-01,18.809999465942383,19.139999389648438,18.6200008392334,18.780000686645508,461100
2018-06-04,19.15999984741211,19.65999984741211,18.850000381469727,18.8799991607666,703800
2018-06-05,19.649999618530273,19.719999313354492,19.139999389648438,19.139999389648438,619600
2018-06-06,19.950000762939453,19.950000762939453,19.399999618530273,19.709999084472656,377100
2018-06-07,19.709999084472656,20.139999389648438,19.5,19.969999313354492,407800
2018-06-08,19.68000030517578,19.920000076293945,19.510000228881836,19.65999984741211,344200
2018-06-11,20.540000915527344,20.6200008392334,19.739999771118164,19.739999771118164,695800
2018-06-12,20.3700008392334,20.969999313354492,20.25,20.579999923706055,513400
2018-06-13,20.079999923706055,20.719999313354492,20.059999465942383,20.40999984741211,509200
2018-06-14,20.079999923706055,20.459999084472656,19.899999618530273,20.100000381469727,338400
2018-06-15,20.15999984741211,20.170000076293945,19.6299991607666,19.969999313354492,745700
2018-06-18,20.469999313354492,20.520000457763672,19.940000534057617,20.0,332000
2018-06-19,20.139999389648438,20.3799991607666,19.610000610351562,20.190000534057617,536900
2018-06-20,20.5,20.549999237060547,20.049999237060547,20.459999084472656,433400
2018-06-21,19.010000228881836,20.670000076293945,18.809999465942383,20.56999969482422,971800
2018-06-22,19.0,19.43000030517578,18.8700008392334,19.1200008392334,1399100
2018-06-25,18.90999984741211,19.170000076293945,18.530000686645508,18.969999313354492,571200
2018-06-26,19.049999237060547,19.34000015258789,18.75,18.780000686645508,464700
2018-06-27,18.530000686645508,19.270000457763672,18.520000457763672,19.040000915527344,456400
2018-06-28,18.90999984741211,18.989999771118164,18.420000076293945,18.530000686645508,311200
2018-06-29,19.139999389648438,19.540000915527344,19.049999237060547,19.049999237060547,1460100
2018-07-02,19.700000762939453,19.700000762939453,18.809999465942383,18.920000076293945,359800
2018-07-03,19.6200008392334,19.920000076293945,19.43000030517578,19.770000457763672,338600
2018-07-05,20.100000381469727,20.190000534057617,19.709999084472656,19.75,679400
2018-07-06,20.610000610351562,20.719999313354492,19.760000228881836,20.100000381469727,563700
2018-07-09,21.15999984741211,21.219999313354492,20.389999389648438,20.709999084472656,653400
2018-07-10,19.979999542236328,21.200000762939453,19.850000381469727,21.190000534057617,1038300
2018-07-11,20.18000030517578,20.200000762939453,19.700000762939453,19.790000915527344,426100
2018-07-12,20.5,20.610000610351562,20.190000534057617,20.290000915527344,515400
2018-07-13,20.469999313354492,20.790000915527344,20.309999465942383,20.450000762939453,308800
2018-07-16,20.25,20.6299991607666,20.079999923706055,20.469999313354492,319800
2018-07-17,20.479999542236328,20.68000030517578,20.0,20.200000762939453,410400
2018-07-18,20.600000381469727,20.770000457763672,20.260000228881836,20.56999969482422,332800
2018-07-19,21.049999237060547,21.1200008392334,20.329999923706055,20.59000015258789,486800
2018-07-20,21.260000228881836,21.5,20.860000610351562,20.979999542236328,469200
2018-07-23,21.229999542236328,21.239999771118164,20.510000228881836,21.200000762939453,358300
2018-07-24,19.510000228881836,21.3799991607666,19.450000762939453,21.299999237060547,1050000
2018-07-25,20.079999923706055,20.200000762939453,19.549999237060547,19.549999237060547,410700
2018-07-26,19.899999618530273,20.219999313354492,19.559999465942383,19.84000015258789,348700
2018-07-27,19.290000915527344,19.889999389648438,18.90999984741211,19.889999389648438,477100
2018-07-30,19.100000381469727,19.520000457763672,18.920000076293945,19.329999923706055,527800
2018-07-31,19.420000076293945,19.520000457763672,18.989999771118164,19.100000381469727,549100
2018-08-01,21.299999237060547,21.979999542236328,20.110000610351562,20.40999984741211,1767000
2018-08-02,22.260000228881836,22.350000381469727,21.06999969482422,21.3799991607666,953800
2018-08-03,21.959999084472656,22.350000381469727,21.690000534057617,22.299999237060547,544800
2018-08-06,22.479999542236328,22.700000762939453,21.959999084472656,22.020000457763672,505900
2018-08-07,22.440000534057617,22.700000762939453,22.1299991607666,22.43000030517578,498200
2018-08-08,23.18000030517578,23.739999771118164,22.829999923706055,23.1299991607666,1940800
2018-08-09,23.309999465942383,23.790000915527344,22.65999984741211,23.030000686645508,1390100
2018-08-10,24.139999389648438,24.25,22.81999969482422,23.190000534057617,1160400
2018-08-13,22.989999771118164,24.139999389648438,22.889999389648438,24.0,566500
2018-08-14,23.829999923706055,23.93000030517578,22.780000686645508,23.0,607100
2018-08-15,23.520000457763672,24.200000762939453,23.420000076293945,23.700000762939453,692500
2018-08-16,24.100000381469727,24.360000610351562,23.6200008392334,23.6200008392334,578200
2018-08-17,23.600000381469727,24.0,23.18000030517578,24.0,396100
2018-08-20,24.8700008392334,25.1200008392334,23.309999465942383,23.6299991607666,901000
2018-08-21,25.729999542236328,26.170000076293945,24.8700008392334,24.989999771118164,1568900
2018-08-22,24.989999771118164,25.81999969482422,24.75,25.600000381469727,800700
2018-08-23,24.93000030517578,25.350000381469727,24.770000457763672,25.260000228881836,383800
2018-08-24,24.93000030517578,25.280000686645508,24.719999313354492,25.0,387200
2018-08-27,25.149999618530273,25.389999389648438,24.770000457763672,25.030000686645508,463500
2018-08-28,25.360000610351562,25.59000015258789,24.84000015258789,24.920000076293945,418200
2018-08-29,25.690000534057617,26.0,24.899999618530273,25.43000030517578,581500
2018-08-30,25.6200008392334,25.940000534057617,25.209999084472656,25.549999237060547,523700
2018-08-31,24.950000762939453,25.709999084472656,24.760000228881836,25.6299991607666,393800
2018-09-04,24.15999984741211,24.5,23.56999969482422,24.5,863400
2018-09-05,23.729999542236328,24.25,23.690000534057617,24.15999984741211,673200
2018-09-06,23.15999984741211,23.860000610351562,23.020000457763672,23.709999084472656,545600
2018-09-07,23.100000381469727,23.56999969482422,22.329999923706055,22.940000534057617,426300
2018-09-10,23.139999389648438,23.5,22.780000686645508,23.239999771118164,415800
2018-09-11,23.360000610351562,23.3799991607666,22.75,23.0,295800
2018-09-12,23.479999542236328,23.600000381469727,22.690000534057617,23.270000457763672,348900
2018-09-13,23.25,24.0,23.18000030517578,23.600000381469727,326300
2018-09-14,22.989999771118164,23.690000534057617,22.969999313354492,23.239999771118164,297200
2018-09-17,22.600000381469727,23.18000030517578,22.579999923706055,22.989999771118164,329400
2018-09-18,23.65999984741211,23.829999923706055,22.5,22.59000015258789,589200
2018-09-19,23.889999389648438,24.0,23.440000534057617,23.700000762939453,454300
2018-09-20,24.1299991607666,24.43000030517578,23.790000915527344,24.0,491000
2018-09-21,23.049999237060547,24.350000381469727,23.0,24.1299991607666,874600
2018-09-24,23.270000457763672,23.270000457763672,22.709999084472656,22.979999542236328,241000
2018-09-25,23.43000030517578,24.030000686645508,23.329999923706055,23.5,283400
2018-09-26,23.09000015258789,23.59000015258789,22.93000030517578,23.459999084472656,283000
2018-09-27,23.110000610351562,23.3799991607666,22.959999084472656,23.309999465942383,192000
2018-09-28,23.110000610351562,23.360000610351562,22.93000030517578,23.010000228881836,261600
2018-10-01,22.40999984741211,23.549999237060547,22.219999313354492,23.329999923706055,403100
2018-10-02,22.030000686645508,22.56999969482422,21.760000228881836,22.399999618530273,334600
2018-10-03,22.559999465942383,23.329999923706055,21.829999923706055,22.239999771118164,626800
2018-10-04,22.280000686645508,22.59000015258789,22.030000686645508,22.459999084472656,519300
2018-10-05,22.049999237060547,22.459999084472656,21.6299991607666,22.290000915527344,418200
2018-10-08,21.770000457763672,22.1299991607666,21.329999923706055,22.0,473800
2018-10-09,21.760000228881836,22.1200008392334,21.479999542236328,21.760000228881836,236300
2018-10-10,20.520000457763672,21.690000534057617,20.5,21.6299991607666,415400
2018-10-11,19.899999618530273,20.81999969482422,19.780000686645508,20.25,668400
2018-10-12,20.299999237060547,20.579999923706055,19.84000015258789,20.459999084472656,379500
2018-10-15,20.440000534057617,20.700000762939453,19.90999984741211,20.209999084472656,280500
2018-10-16,21.040000915527344,21.139999389648438,20.489999771118164,20.649999618530273,342900
2018-10-17,21.079999923706055,21.34000015258789,20.790000915527344,21.0,249500
2018-10-18,20.31999969482422,21.06999969482422,20.290000915527344,20.93000030517578,289900
2018-10-19,20.06999969482422,20.579999923706055,19.969999313354492,20.399999618530273,408300
2018-10-22,20.3700008392334,20.579999923706055,20.1200008392334,20.200000762939453,245200
2018-10-23,20.469999313354492,20.6200008392334,19.809999465942383,19.850000381469727,355300
2018-10-24,19.790000915527344,20.770000457763672,19.770000457763672,20.350000381469727,638700
2018-10-25,20.06999969482422,20.219999313354492,19.809999465942383,19.920000076293945,349100
2018-10-26,19.770000457763672,20.290000915527344,19.43000030517578,19.709999084472656,684300
2018-10-29,19.139999389648438,20.200000762939453,18.90999984741211,20.0,519000
2018-10-30,20.100000381469727,20.139999389648438,19.100000381469727,19.100000381469727,322900
2018-10-31,19.059999465942383,20.149999618530273,18.920000076293945,19.670000076293945,742300
2018-11-01,22.850000381469727,24.110000610351562,21.0,21.209999084472656,2523300
2018-11-02,24.110000610351562,24.440000534057617,22.639999389648438,23.329999923706055,1135600
2018-11-05,23.5,24.700000762939453,23.360000610351562,24.100000381469727,720400
2018-11-06,23.770000457763672,24.079999923706055,23.15999984741211,23.459999084472656,361400
2018-11-07,24.15999984741211,24.360000610351562,23.549999237060547,23.799999237060547,516000
2018-11-08,24.309999465942383,24.40999984741211,23.729999542236328,24.049999237060547,337600
2018-11-09,23.760000228881836,24.31999969482422,23.440000534057617,24.31999969482422,417800
2018-11-12,23.030000686645508,23.600000381469727,22.649999618530273,23.600000381469727,371000
2018-11-13,22.790000915527344,23.469999313354492,22.670000076293945,23.010000228881836,408500
2018-11-14,22.149999618530273,23.329999923706055,22.1200008392334,23.049999237060547,483300
2018-11-15,21.959999084472656,22.200000762939453,21.25,22.0,1102600
2018-11-16,22.399999618530273,22.559999465942383,21.520000457763672,21.59000015258789,549000
2018-11-19,21.5,22.610000610351562,21.31999969482422,22.329999923706055,482700
2018-11-20,20.860000610351562,21.459999084472656,20.59000015258789,21.049999237060547,659000
2018-11-21,21.139999389648438,21.520000457763672,20.969999313354492,21.010000228881836,330200
2018-11-23,21.290000915527344,21.5,21.010000228881836,21.010000228881836,104700
2018-11-26,22.030000686645508,22.100000381469727,21.40999984741211,21.510000228881836,336100
2018-11-27,21.40999984741211,21.940000534057617,21.270000457763672,21.940000534057617,317600
2018-11-28,21.84000015258789,21.8799991607666,21.06999969482422,21.43000030517578,229200
2018-11-29,21.6299991607666,21.8799991607666,21.420000076293945,21.850000381469727,292500
2018-11-30,21.389999389648438,21.610000610351562,21.059999465942383,21.479999542236328,242200
2018-12-03,21.729999542236328,21.850000381469727,21.270000457763672,21.850000381469727,317600
2018-12-04,20.709999084472656,21.639999389648438,20.700000762939453,21.639999389648438,327400
2018-12-06,20.75,20.799999237060547,20.239999771118164,20.350000381469727,316900
2018-12-07,20.25,20.81999969482422,20.15999984741211,20.649999618530273,351400
2018-12-10,20.139999389648438,20.489999771118164,19.670000076293945,20.190000534057617,491800
2018-12-11,20.299999237060547,20.610000610351562,19.969999313354492,20.18000030517578,288500
2018-12-12,20.700000762939453,21.34000015258789,20.520000457763672,20.59000015258789,455600
2018-12-13,20.1200008392334,20.93000030517578,19.959999084472656,20.719999313354492,311800
2018-12-14,19.549999237060547,20.139999389648438,19.459999084472656,19.850000381469727,262800
2018-12-17,18.8799991607666,19.649999618530273,18.809999465942383,19.440000534057617,612500
2018-12-18,18.65999984741211,19.139999389648438,18.399999618530273,19.09000015258789,534000
2018-12-19,19.350000381469727,19.5,18.40999984741211,18.6299991607666,1183700
2018-12-20,18.959999084472656,19.489999771118164,18.739999771118164,19.229999542236328,675200
2018-12-21,17.40999984741211,19.059999465942383,17.360000610351562,19.010000228881836,679500
2018-12-24,17.40999984741211,17.899999618530273,17.139999389648438,17.280000686645508,292000
2018-12-26,18.399999618530273,18.40999984741211,17.059999465942383,17.459999084472656,853000
2018-12-27,17.899999618530273,18.290000915527344,17.200000762939453,17.969999313354492,512600
2018-12-28,18.219999313354492,18.6299991607666,17.81999969482422,18.030000686645508,439300
2018-12-31,18.010000228881836,18.420000076293945,17.540000915527344,18.299999237060547,699400
2019-01-02,18.780000686645508,18.93000030517578,17.729999542236328,17.760000228881836,398800
2019-01-03,17.959999084472656,18.530000686645508,17.889999389648438,18.530000686645508,260600
2019-01-04,18.510000228881836,18.790000915527344,18.290000915527344,18.309999465942383,218800
2019-01-07,18.899999618530273,19.100000381469727,18.43000030517578,18.600000381469727,378300
2019-01-08,19.1299991607666,19.360000610351562,18.719999313354492,19.100000381469727,375100
2019-01-09,19.350000381469727,19.600000381469727,19.170000076293945,19.260000228881836,224300
2019-01-10,19.469999313354492,19.489999771118164,19.09000015258789,19.200000762939453,156000
2019-01-11,19.709999084472656,19.90999984741211,19.260000228881836,19.329999923706055,419100
2019-01-14,19.270000457763672,19.65999984741211,19.219999313354492,19.489999771118164,372300
2019-01-15,21.139999389648438,21.190000534057617,19.920000076293945,20.600000381469727,1759800
2019-01-16,20.920000076293945,21.6200008392334,20.81999969482422,21.290000915527344,649700
2019-01-17,20.950000762939453,21.25,20.549999237060547,20.8799991607666,464200
2019-01-18,21.280000686645508,21.43000030517578,20.860000610351562,21.010000228881836,413400
2019-01-22,20.56999969482422,21.31999969482422,20.399999618530273,21.200000762939453,383100
2019-01-23,21.049999237060547,21.170000076293945,20.649999618530273,20.649999618530273,424000
2019-01-24,21.530000686645508,21.75,21.030000686645508,21.030000686645508,498600
2019-01-25,22.31999969482422,22.459999084472656,21.510000228881836,21.90999984741211,576700
2019-01-28,22.280000686645508,22.440000534057617,21.700000762939453,22.0,365500
2019-01-29,24.06999969482422,25.18000030517578,23.719999313354492,23.739999771118164,1778600
2019-01-30,24.520000457763672,24.719999313354492,23.700000762939453,24.200000762939453,824100
2019-01-31,25.530000686645508,25.600000381469727,24.510000228881836,24.530000686645508,942300
2019-02-01,25.65999984741211,25.899999618530273,25.25,25.549999237060547,574600
2019-02-04,26.190000534057617,26.219999313354492,25.350000381469727,25.809999465942383,431600
2019-02-05,26.579999923706055,26.59000015258789,26.0,26.100000381469727,559800
2019-02-06,26.65999984741211,27.15999984741211,26.360000610351562,26.559999465942383,635000
2019-02-07,25.489999771118164,26.3700008392334,25.0,26.3700008392334,728900
2019-02-08,25.940000534057617,26.190000534057617,25.209999084472656,25.239999771118164,367900
2019-02-11,26.280000686645508,26.690000534057617,25.75,26.100000381469727,466800
2019-02-12,27.690000534057617,27.969999313354492,25.90999984741211,26.270000457763672,1238900
2019-02-13,27.950000762939453,28.329999923706055,27.59000015258789,27.729999542236328,1004000
2019-02-14,28.209999084472656,28.3700008392334,27.850000381469727,27.90999984741211,573800
2019-02-15,28.290000915527344,28.68000030517578,28.079999923706055,28.31999969482422,876000
2019-02-19,28.030000686645508,28.59000015258789,27.899999618530273,27.920000076293945,729400
2019-02-20,28.399999618530273,28.649999618530273,28.1299991607666,28.1299991607666,391600
2019-02-21,27.760000228881836,28.56999969482422,27.540000915527344,28.389999389648438,712400
2019-02-22,28.030000686645508,28.110000610351562,27.649999618530273,27.850000381469727,457500
2019-02-25,28.329999923706055,28.770000457763672,28.100000381469727,28.1299991607666,558600
2019-02-26,28.530000686645508,28.760000228881836,27.8799991607666,28.260000228881836,420400
2019-02-27,28.670000076293945,28.84000015258789,28.139999389648438,28.43000030517578,555900
2019-02-28,28.459999084472656,28.56999969482422,27.75,28.56999969482422,685400
2019-03-01,26.809999465942383,28.600000381469727,26.700000762939453,28.600000381469727,1608000
2019-03-04,27.1200008392334,27.34000015258789,26.559999465942383,26.790000915527344,905100
2019-03-05,27.0,27.139999389648438,26.780000686645508,27.040000915527344,578300
2019-03-06,26.65999984741211,27.0,26.6200008392334,26.899999618530273,780900
2019-03-07,22.950000762939453,24.5,22.5,24.0,2791600
2019-03-08,23.239999771118164,23.690000534057617,22.969999313354492,23.100000381469727,1047700
2019-03-11,23.760000228881836,24.049999237060547,23.110000610351562,23.229999542236328,522700
2019-03-12,23.81999969482422,23.989999771118164,23.65999984741211,23.84000015258789,482600
2019-03-13,24.149999618530273,24.3799991607666,23.829999923706055,23.889999389648438,566300
2019-03-14,23.8799991607666,24.280000686645508,23.530000686645508,24.110000610351562,485300
2019-03-15,23.799999237060547,24.1200008392334,23.75,23.8799991607666,820500
2019-03-18,23.899999618530273,23.969999313354492,23.270000457763672,23.93000030517578,391100
2019-03-19,23.850000381469727,24.239999771118164,23.760000228881836,24.049999237060547,445200
2019-03-20,23.899999618530273,24.15999984741211,23.5,23.93000030517578,308600
2019-03-21,24.389999389648438,24.56999969482422,23.559999465942383,23.90999984741211,340900
2019-03-22,23.40999984741211,24.43000030517578,23.360000610351562,24.239999771118164,670300
2019-03-25,23.3799991607666,23.489999771118164,22.549999237060547,23.3799991607666,466100
2019-03-26,23.530000686645508,23.75,23.329999923706055,23.59000015258789,283600
2019-03-27,23.40999984741211,23.709999084472656,23.100000381469727,23.600000381469727,345700
2019-03-28,23.549999237060547,23.84000015258789,23.399999618530273,23.40999984741211,228400
2019-03-29,23.81999969482422,23.93000030517578,23.59000015258789,23.809999465942383,215300
2019-04-01,24.3799991607666,24.420000076293945,24.0,24.0,312900
2019-04-02,24.59000015258789,24.780000686645508,24.229999542236328,24.3700008392334,448200
2019-04-03,25.020000457763672,25.25,24.68000030517578,24.760000228881836,422900
2019-04-04,24.65999984741211,25.170000076293945,24.290000915527344,24.969999313354492,324100
2019-04-05,25.219999313354492,25.299999237060547,24.559999465942383,24.729999542236328,442000
2019-04-08,24.780000686645508,25.0,24.549999237060547,25.0,342500
2019-04-09,24.3700008392334,24.8799991607666,24.360000610351562,24.719999313354492,254700
2019-04-10,24.510000228881836,24.510000228881836,24.100000381469727,24.31999969482422,414800
2019-04-11,24.440000534057617,24.670000076293945,24.280000686645508,24.540000915527344,224400
2019-04-12,24.600000381469727,24.8799991607666,24.3700008392334,24.600000381469727,244500
2019-04-15,24.489999771118164,24.850000381469727,24.440000534057617,24.649999618530273,408700
2019-04-16,24.3700008392334,24.770000457763672,24.31999969482422,24.600000381469727,319400
2019-04-17,24.059999465942383,24.56999969482422,23.84000015258789,24.479999542236328,303000
2019-04-18,23.809999465942383,24.010000228881836,23.469999313354492,24.010000228881836,308800
2019-04-22,23.709999084472656,23.809999465942383,23.40999984741211,23.709999084472656,242400
2019-04-23,24.049999237060547,24.34000015258789,23.639999389648438,23.68000030517578,285100
2019-04-24,23.81999969482422,24.200000762939453,23.75,24.09000015258789,214400
2019-04-25,23.280000686645508,23.75,23.200000762939453,23.700000762939453,383100
2019-04-26,23.420000076293945,23.489999771118164,22.90999984741211,23.209999084472656,319900
2019-04-29,23.219999313354492,23.610000610351562,23.170000076293945,23.3700008392334,322200
2019-04-30,23.25,23.290000915527344,22.81999969482422,23.18000030517578,336300
2019-05-01,22.950000762939453,23.600000381469727,22.899999618530273,23.40999984741211,446300
2019-05-02,23.809999465942383,24.530000686645508,22.780000686645508,24.139999389648438,690700
2019-05-03,25.690000534057617,25.959999084472656,23.8799991607666,24.09000015258789,955200
2019-05-06,25.690000534057617,25.899999618530273,25.1200008392334,25.639999389648438,928200
2019-05-07,24.8700008392334,25.489999771118164,24.549999237060547,25.360000610351562,716800
2019-05-08,24.549999237060547,24.690000534057617,23.530000686645508,23.81999969482422,575200
2019-05-09,23.969999313354492,24.190000534057617,23.5,24.190000534057617,407600
2019-05-10,24.110000610351562,24.3799991607666,23.559999465942383,23.760000228881836,320100
2019-05-13,22.540000915527344,23.5,22.43000030517578,23.350000381469727,424800
2019-05-14,23.290000915527344,23.40999984741211,22.729999542236328,22.75,304100
2019-05-15,23.540000915527344,23.65999984741211,22.399999618530273,23.0,285300
2019-05-16,23.889999389648438,24.110000610351562,23.290000915527344,23.530000686645508,356200
2019-05-17,23.389999389648438,23.860000610351562,23.3700008392334,23.579999923706055,200700
2019-05-20,22.760000228881836,23.110000610351562,22.6299991607666,22.989999771118164,398400
2019-05-21,23.459999084472656,23.549999237060547,22.899999618530273,23.059999465942383,262900
2019-05-22,23.149999618530273,23.530000686645508,22.93000030517578,23.31999969482422,209300
2019-05-23,22.43000030517578,22.799999237060547,21.950000762939453,22.729999542236328,372000
2019-05-24,22.6200008392334,22.940000534057617,22.420000076293945,22.540000915527344,167700
2019-05-28,22.110000610351562,22.649999618530273,22.100000381469727,22.56999969482422,226600
2019-05-29,22.020000457763672,22.149999618530273,21.59000015258789,22.049999237060547,388500
2019-05-30,22.489999771118164,22.579999923706055,22.010000228881836,22.110000610351562,294600
2019-05-31,21.90999984741211,22.059999465942383,21.549999237060547,22.040000915527344,352700
2019-06-03,22.020000457763672,22.200000762939453,21.790000915527344,21.81999969482422,303200
2019-06-04,22.639999389648438,22.719999313354492,22.270000457763672,22.270000457763672,238300
2019-06-05,22.729999542236328,22.90999984741211,22.34000015258789,22.780000686645508,252300
2019-06-06,22.489999771118164,22.920000076293945,22.290000915527344,22.920000076293945,269900
2019-06-07,22.889999389648438,22.959999084472656,22.540000915527344,22.719999313354492,234000
2019-06-10,22.6299991607666,23.440000534057617,22.579999923706055,23.030000686645508,284300
2019-06-11,22.15999984741211,22.940000534057617,22.079999923706055,22.829999923706055,341000
2019-06-12,22.25,22.559999465942383,21.979999542236328,22.15999984741211,304100
2019-06-13,22.799999237060547,22.920000076293945,22.25,22.399999618530273,459900
2019-06-14,22.520000457763672,22.729999542236328,22.190000534057617,22.6299991607666,338400
2019-06-17,23.280000686645508,23.5,22.639999389648438,22.65999984741211,312500
2019-06-18,23.530000686645508,24.030000686645508,23.25,23.450000762939453,344800
2019-06-19,23.59000015258789,23.709999084472656,23.200000762939453,23.670000076293945,242400
2019-06-20,23.729999542236328,23.950000762939453,23.56999969482422,23.950000762939453,270900
2019-06-21,24.93000030517578,25.280000686645508,23.440000534057617,23.639999389648438,1598000
2019-06-24,24.190000534057617,25.549999237060547,23.969999313354492,25.110000610351562,514300
2019-06-25,24.40999984741211,24.670000076293945,24.15999984741211,24.239999771118164,442500
2019-06-26,25.200000762939453,25.329999923706055,24.170000076293945,24.610000610351562,356600
2019-06-27,25.670000076293945,25.959999084472656,25.299999237060547,25.350000381469727,442200
2019-06-28,29.3700008392334,29.440000534057617,25.690000534057617,25.729999542236328,5222400
2019-07-01,28.31999969482422,29.520000457763672,27.799999237060547,29.0,1136800
2019-07-02,27.5,28.649999618530273,26.959999084472656,28.559999465942383,733600
2019-07-03,27.729999542236328,27.860000610351562,27.0,27.360000610351562,340000
2019-07-05,27.969999313354492,28.15999984741211,27.190000534057617,27.700000762939453,372200
2019-07-08,28.0,28.219999313354492,27.3700008392334,27.639999389648438,517700
2019-07-09,28.989999771118164,29.68000030517578,27.969999313354492,27.969999313354492,1031300
2019-07-10,29.25,29.31999969482422,28.399999618530273,29.06999969482422,663000
2019-07-11,29.329999923706055,30.020000457763672,28.56999969482422,29.309999465942383,742100
2019-07-12,29.260000228881836,29.5,28.65999984741211,29.3799991607666,628500
2019-07-15,29.290000915527344,29.6200008392334,28.979999542236328,29.280000686645508,403100
2019-07-16,29.8799991607666,30.600000381469727,29.040000915527344,29.219999313354492,934500
2019-07-17,29.489999771118164,30.190000534057617,28.59000015258789,30.0,914900
2019-07-18,29.059999465942383,29.360000610351562,28.510000228881836,29.360000610351562,746900
2019-07-19,28.450000762939453,29.209999084472656,28.440000534057617,29.06999969482422,683000
2019-07-22,28.770000457763672,28.920000076293945,28.420000076293945,28.489999771118164,492900
2019-07-23,28.59000015258789,29.049999237060547,28.260000228881836,28.989999771118164,425100
2019-07-24,29.020000457763672,29.09000015258789,28.100000381469727,28.40999984741211,462800
2019-07-25,28.670000076293945,29.020000457763672,28.360000610351562,28.8799991607666,464300
2019-07-26,29.270000457763672,29.450000762939453,28.760000228881836,28.860000610351562,508100
2019-07-29,28.489999771118164,28.780000686645508,27.989999771118164,28.780000686645508,861300
2019-07-30,28.399999618530273,28.43000030517578,27.690000534057617,28.219999313354492,875500
2019-07-31,27.889999389648438,29.350000381469727,26.799999237060547,27.75,1759900
2019-08-01,25.729999542236328,27.799999237060547,25.200000762939453,27.459999084472656,1581200
2019-08-02,24.639999389648438,25.6299991607666,24.309999465942383,25.18000030517578,798600
2019-08-05,24.3700008392334,24.440000534057617,23.799999237060547,24.15999984741211,926000
2019-08-06,24.190000534057617,24.700000762939453,23.809999465942383,24.68000030517578,705100
2019-08-07,24.170000076293945,24.25,23.56999969482422,23.809999465942383,854000
2019-08-08,24.209999084472656,24.260000228881836,23.670000076293945,23.8799991607666,506700
2019-08-09,23.829999923706055,24.200000762939453,23.760000228881836,24.049999237060547,422300
2019-08-12,23.3799991607666,23.700000762939453,23.25,23.700000762939453,402100
2019-08-13,23.139999389648438,23.899999618530273,23.059999465942383,23.389999389648438,462000
2019-08-14,22.34000015258789,22.81999969482422,22.079999923706055,22.81999969482422,441400
2019-08-15,22.190000534057617,22.3799991607666,21.799999237060547,22.31999969482422,453400
2019-08-16,22.719999313354492,22.75,22.260000228881836,22.329999923706055,489900
2019-08-19,22.989999771118164,23.40999984741211,22.829999923706055,23.139999389648438,483800
2019-08-20,22.760000228881836,22.979999542236328,22.350000381469727,22.809999465942383,407800
2019-08-21,22.889999389648438,23.139999389648438,22.59000015258789,23.020000457763672,392000
2019-08-22,23.219999313354492,23.3799991607666,22.8700008392334,23.010000228881836,432000
2019-08-23,22.6200008392334,23.219999313354492,22.5,23.190000534057617,821000
2019-08-26,22.600000381469727,22.969999313354492,22.170000076293945,22.90999984741211,504900
2019-08-27,22.25,22.760000228881836,22.15999984741211,22.700000762939453,483400
2019-08-28,22.729999542236328,22.760000228881836,22.079999923706055,22.170000076293945,464600
2019-08-29,23.549999237060547,23.670000076293945,23.020000457763672,23.100000381469727,411800
2019-08-30,23.81999969482422,24.059999465942383,23.559999465942383,23.600000381469727,586500
2019-09-03,23.469999313354492,23.84000015258789,23.1200008392334,23.670000076293945,595100
2019-09-04,24.049999237060547,24.09000015258789,23.469999313354492,23.770000457763672,667900
2019-09-05,24.329999923706055,24.959999084472656,24.219999313354492,24.360000610351562,472700
2019-09-06,24.09000015258789,24.420000076293945,23.969999313354492,24.3700008392334,276500
2019-09-09,24.440000534057617,24.510000228881836,24.0,24.190000534057617,451500
2019-09-10,24.899999618530273,25.040000915527344,24.1200008392334,24.329999923706055,450200
2019-09-11,25.469999313354492,25.520000457763672,24.809999465942383,25.030000686645508,499600
2019-09-12,24.81999969482422,25.389999389648438,24.270000457763672,25.329999923706055,497900
2019-09-13,24.860000610351562,25.479999542236328,24.639999389648438,24.90999984741211,437500
2019-09-16,24.6200008392334,24.969999313354492,24.139999389648438,24.5,401300
2019-09-17,24.68000030517578,24.75,24.06999969482422,24.469999313354492,253100
2019-09-18,23.469999313354492,24.739999771118164,23.25,24.6299991607666,411300
2019-09-19,23.270000457763672,23.90999984741211,23.190000534057617,23.440000534057617,433900
2019-09-20,22.81999969482422,23.540000915527344,22.799999237060547,23.170000076293945,621200
2019-09-23,22.969999313354492,23.170000076293945,22.649999618530273,22.860000610351562,335700
2019-09-24,21.719999313354492,23.1299991607666,21.68000030517578,22.959999084472656,607900
2019-09-25,21.8799991607666,21.940000534057617,21.270000457763672,21.690000534057617,464500
2019-09-26,21.43000030517578,21.81999969482422,21.229999542236328,21.81999969482422,476900
2019-09-27,21.15999984741211,21.739999771118164,21.09000015258789,21.530000686645508,291800
2019-09-30,21.309999465942383,21.489999771118164,20.809999465942383,21.1200008392334,307800
2019-10-01,20.43000030517578,21.700000762939453,20.420000076293945,21.309999465942383,405600
2019-10-02,20.25,20.280000686645508,19.84000015258789,20.260000228881836,477100
2019-10-03,19.989999771118164,20.219999313354492,19.59000015258789,20.170000076293945,464900
2019-10-04,19.950000762939453,20.219999313354492,19.75,20.030000686645508,266900
2019-10-07,19.829999923706055,20.209999084472656,19.649999618530273,19.719999313354492,224500
2019-10-08,19.260000228881836,19.56999969482422,19.030000686645508,19.5,375700
2019-10-09,19.579999923706055,19.700000762939453,19.34000015258789,19.469999313354492,305400
2019-10-10,19.84000015258789,19.920000076293945,19.3700008392334,19.56999969482422,505800
2019-10-11,20.219999313354492,20.56999969482422,19.920000076293945,20.030000686645508,501400
2019-10-14,20.420000076293945,20.579999923706055,20.06999969482422,20.139999389648438,386400
2019-10-15,20.649999618530273,20.93000030517578,20.389999389648438,20.479999542236328,397600
2019-10-16,20.6200008392334,21.209999084472656,20.479999542236328,20.6299991607666,535200
2019-10-17,20.489999771118164,20.709999084472656,20.31999969482422,20.709999084472656,266200
2019-10-18,20.540000915527344,20.579999923706055,19.90999984741211,20.329999923706055,678200
2019-10-21,19.639999389648438,20.389999389648438,18.8799991607666,19.899999618530273,608300
2019-10-22,19.889999389648438,20.200000762939453,19.3799991607666,19.690000534057617,487400
2019-10-23,19.559999465942383,19.790000915527344,19.479999542236328,19.68000030517578,492200
2019-10-24,19.299999237060547,19.68000030517578,19.200000762939453,19.600000381469727,493100
2019-10-25,20.229999542236328,20.350000381469727,19.170000076293945,19.329999923706055,476600
2019-10-28,20.709999084472656,20.8799991607666,20.299999237060547,20.299999237060547,374300
2019-10-29,20.81999969482422,21.200000762939453,20.729999542236328,20.850000381469727,749600
2019-10-30,20.389999389648438,20.93000030517578,20.110000610351562,20.93000030517578,343400
2019-10-31,20.68000030517578,20.950000762939453,20.18000030517578,20.360000610351562,534600
2019-11-01,21.010000228881836,21.399999618530273,20.65999984741211,20.829999923706055,475000
2019-11-04,21.229999542236328,21.479999542236328,21.059999465942383,21.3700008392334,380200
2019-11-05,21.31999969482422,21.940000534057617,21.260000228881836,21.3799991607666,677600
2019-11-06,20.829999923706055,21.68000030517578,20.719999313354492,21.440000534057617,640800
2019-11-07,20.809999465942383,21.270000457763672,20.649999618530273,21.15999984741211,365800
2019-11-08,21.040000915527344,21.09000015258789,20.56999969482422,20.690000534057617,316400
2019-11-11,20.68000030517578,21.06999969482422,20.649999618530273,20.860000610351562,584000
2019-11-12,20.690000534057617,21.06999969482422,20.559999465942383,20.709999084472656,664700
2019-11-13,18.3799991607666,19.549999237060547,18.0,19.0,2703300
2019-11-14,19.149999618530273,19.739999771118164,18.350000381469727,18.350000381469727,1504000
2019-11-15,19.110000610351562,19.489999771118164,18.709999084472656,19.239999771118164,528700
2019-11-18,18.940000534057617,19.25,18.799999237060547,19.0,645200
2019-11-19,18.639999389648438,19.1200008392334,18.469999313354492,19.059999465942383,700900
2019-11-20,18.6200008392334,18.719999313354492,18.219999313354492,18.5,833200
2019-11-21,18.549999237060547,18.84000015258789,18.34000015258789,18.84000015258789,593800
2019-11-22,18.690000534057617,19.100000381469727,18.600000381469727,18.739999771118164,499900
2019-11-25,19.190000534057617,19.229999542236328,18.700000762939453,18.8700008392334,421100
2019-11-26,18.549999237060547,19.290000915527344,18.520000457763672,19.149999618530273,662500
2019-11-27,18.469999313354492,18.68000030517578,18.329999923706055,18.59000015258789,464300
2019-11-29,18.440000534057617,18.56999969482422,18.170000076293945,18.479999542236328,372700
2019-12-02,18.110000610351562,18.6299991607666,17.979999542236328,18.420000076293945,526900
2019-12-03,18.25,18.270000457763672,17.700000762939453,17.81999969482422,632000
2019-12-04,18.420000076293945,18.6200008392334,18.350000381469727,18.420000076293945,366000
2019-12-05,18.530000686645508,18.850000381469727,18.43000030517578,18.559999465942383,677800
2019-12-06,19.040000915527344,19.1299991607666,18.6200008392334,18.719999313354492,444100
2019-12-09,19.280000686645508,19.350000381469727,18.8700008392334,18.979999542236328,546000
2019-12-10,19.459999084472656,19.649999618530273,19.200000762939453,19.209999084472656,544400
2019-12-11,20.049999237060547,20.09000015258789,19.5,19.59000015258789,599800
2019-12-12,20.75,20.81999969482422,19.889999389648438,20.049999237060547,652800
2019-12-13,20.3799991607666,20.93000030517578,20.270000457763672,20.760000228881836,546900
2019-12-16,20.399999618530273,20.709999084472656,20.34000015258789,20.469999313354492,389900
2019-12-17,20.899999618530273,20.899999618530273,20.200000762939453,20.40999984741211,438400
2019-12-18,21.1299991607666,21.459999084472656,20.780000686645508,20.899999618530273,629600
2019-12-19,21.229999542236328,21.6299991607666,21.1299991607666,21.25,497200
2019-12-20,20.520000457763672,21.389999389648438,20.520000457763672,21.389999389648438,784400
2019-12-23,20.899999618530273,21.020000457763672,20.229999542236328,20.510000228881836,321000
2019-12-24,20.520000457763672,20.90999984741211,20.420000076293945,20.90999984741211,123600
2019-12-26,20.719999313354492,20.809999465942383,20.360000610351562,20.440000534057617,377100
2019-12-27,20.479999542236328,20.899999618530273,20.420000076293945,20.860000610351562,226300
2019-12-30,19.84000015258789,20.530000686645508,19.799999237060547,20.530000686645508,347000
2019-12-31,20.229999542236328,20.520000457763672,19.770000457763672,19.770000457763672,373900
2020-01-02,20.139999389648438,20.5,19.93000030517578,20.489999771118164,308000
2020-01-03,19.760000228881836,20.030000686645508,19.719999313354492,19.799999237060547,310600
2020-01-06,19.739999771118164,19.829999923706055,19.219999313354492,19.5,478300
2020-01-07,20.059999465942383,20.149999618530273,19.510000228881836,19.700000762939453,422300
2020-01-08,20.93000030517578,21.34000015258789,20.1200008392334,20.1200008392334,711400
2020-01-09,20.510000228881836,21.1299991607666,20.389999389648438,20.899999618530273,416400
2020-01-10,20.5,20.579999923706055,20.059999465942383,20.540000915527344,339400
2020-01-13,21.219999313354492,21.34000015258789,20.420000076293945,20.729999542236328,730300
2020-01-14,21.020000457763672,21.450000762939453,20.670000076293945,21.219999313354492,530600
2020-01-15,21.06999969482422,21.790000915527344,20.950000762939453,21.1200008392334,579800
2020-01-16,21.889999389648438,21.90999984741211,20.90999984741211,21.1299991607666,707900
2020-01-17,21.770000457763672,22.209999084472656,21.56999969482422,21.950000762939453,602200
2020-01-21,21.770000457763672,21.959999084472656,21.450000762939453,21.950000762939453,595600
2020-01-22,21.670000076293945,22.040000915527344,21.649999618530273,21.780000686645508,396500
2020-01-23,21.600000381469727,21.969999313354492,21.15999984741211,21.649999618530273,480700
2020-01-24,20.09000015258789,21.809999465942383,20.020000457763672,21.6200008392334,891700
2020-01-27,19.579999923706055,19.8700008392334,18.940000534057617,19.68000030517578,817600
2020-01-28,19.399999618530273,20.030000686645508,19.31999969482422,19.690000534057617,725400
2020-01-29,19.0,19.389999389648438,18.799999237060547,19.31999969482422,760500
2020-01-30,18.8799991607666,18.979999542236328,18.43000030517578,18.68000030517578,571800
2020-01-31,17.979999542236328,18.809999465942383,17.93000030517578,18.809999465942383,1044700
2020-02-03,18.920000076293945,19.149999618530273,18.030000686645508,18.190000534057617,729100
2020-02-04,19.270000457763672,19.809999465942383,19.209999084472656,19.309999465942383,563300
2020-02-05,19.479999542236328,19.729999542236328,19.200000762939453,19.6200008392334,689200
2020-02-06,18.979999542236328,19.639999389648438,18.93000030517578,19.639999389648438,539200
2020-02-07,18.600000381469727,18.979999542236328,18.219999313354492,18.950000762939453,463700
2020-02-10,18.739999771118164,18.809999465942383,18.290000915527344,18.290000915527344,453800
2020-02-11,19.700000762939453,19.700000762939453,18.739999771118164,18.850000381469727,579400
2020-02-12,20.549999237060547,21.0,19.959999084472656,19.959999084472656,702500
2020-02-13,20.389999389648438,20.469999313354492,19.90999984741211,20.34000015258789,528000
2020-02-14,19.770000457763672,20.34000015258789,19.68000030517578,20.34000015258789,451100
2020-02-18,20.290000915527344,20.399999618530273,19.540000915527344,19.670000076293945,494800
2020-02-19,20.18000030517578,20.579999923706055,19.969999313354492,20.399999618530273,500600
2020-02-20,20.610000610351562,20.649999618530273,20.1299991607666,20.18000030517578,750100
2020-02-21,20.209999084472656,20.549999237060547,19.799999237060547,20.540000915527344,557400
2020-02-24,19.1299991607666,19.65999984741211,19.09000015258789,19.299999237060547,489600
2020-02-25,18.260000228881836,19.59000015258789,18.219999313354492,19.25,840300
2020-02-26,17.440000534057617,18.329999923706055,16.899999618530273,18.149999618530273,2021900
2020-02-27,15.149999618530273,17.010000228881836,15.119999885559082,16.950000762939453,1746800
2020-02-28,16.0,16.34000015258789,14.930000305175781,15.100000381469727,1163800
2020-03-02,16.059999465942383,16.389999389648438,15.489999771118164,16.030000686645508,1084400
2020-03-03,15.720000267028809,16.979999542236328,15.380000114440918,16.100000381469727,729600
2020-03-04,16.209999084472656,16.229999542236328,15.34000015258789,16.059999465942383,567800
2020-03-05,15.300000190734863,15.989999771118164,15.0,15.699999809265137,756200
2020-03-06,14.989999771118164,15.600000381469727,14.649999618530273,14.899999618530273,685800
2020-03-09,14.079999923706055,14.40999984741211,13.5,14.010000228881836,970100
2020-03-10,14.59000015258789,15.039999961853027,14.0,14.720000267028809,866000
2020-03-11,14.15999984741211,14.84000015258789,13.789999961853027,14.069999694824219,933000
2020-03-12,13.020000457763672,14.25,12.180000305175781,12.369999885559082,1096900
2020-03-13,14.5,14.550000190734863,12.960000038146973,13.800000190734863,1001600
2020-03-16,13.9399995803833,14.239999771118164,12.25,12.899999618530273,1020800
2020-03-17,15.9399995803833,16.989999771118164,13.720000267028809,14.140000343322754,1582700
2020-03-18,15.300000190734863,15.430000305175781,13.899999618530273,14.789999961853027,912100
2020-03-19,16.68000030517578,17.34000015258789,15.800000190734863,15.949999809265137,1286000
2020-03-20,17.139999389648438,17.450000762939453,16.75,17.440000534057617,1666100
2020-03-23,16.579999923706055,17.889999389648438,16.469999313354492,17.170000076293945,1246000
2020-03-24,15.3100004196167,17.299999237060547,14.899999618530273,17.09000015258789,1044900
2020-03-25,15.550000190734863,16.479999542236328,15.029999732971191,15.430000305175781,823900
2020-03-26,16.59000015258789,16.690000534057617,15.640000343322754,15.739999771118164,592500
2020-03-27,15.619999885559082,16.420000076293945,15.079999923706055,15.75,856300
2020-03-30,15.699999809265137,16.43000030517578,15.279999732971191,16.030000686645508,616500
2020-03-31,15.949999809265137,16.510000228881836,15.569999694824219,15.720000267028809,992400
2020-04-01,14.0600004196167,15.739999771118164,13.899999618530273,15.460000038146973,1114900
2020-04-02,14.15999984741211,14.369999885559082,13.609999656677246,13.979999542236328,959300
2020-04-03,13.789999961853027,14.760000228881836,13.5,14.199999809265137,846000
2020-04-06,16.0,16.100000381469727,14.3100004196167,14.460000038146973,845600
2020-04-07,14.800000190734863,16.469999313354492,14.640000343322754,16.299999237060547,824400
2020-04-08,15.579999923706055,15.649999618530273,14.760000228881836,15.100000381469727,603200
2020-04-09,16.59000015258789,16.600000381469727,15.649999618530273,15.770000457763672,656700
2020-04-13,16.079999923706055,16.600000381469727,15.720000267028809,16.59000015258789,567400
2020-04-14,16.489999771118164,16.760000228881836,16.299999237060547,16.6299991607666,296100
2020-04-15,15.630000114440918,16.010000228881836,15.430000305175781,15.869999885559082,444300
2020-04-16,15.930000305175781,15.989999771118164,15.40999984741211,15.789999961853027,357100
2020-04-17,16.729999542236328,16.8700008392334,16.040000915527344,16.34000015258789,420700
2020-04-20,17.110000610351562,17.809999465942383,16.350000381469727,16.399999618530273,601000
2020-04-21,16.110000610351562,16.989999771118164,16.030000686645508,16.760000228881836,506800
2020-04-22,15.970000267028809,16.639999389648438,15.84000015258789,16.540000915527344,561400
2020-04-23,16.100000381469727,16.600000381469727,15.829999923706055,15.90999984741211,900000
2020-04-24,16.09000015258789,16.389999389648438,15.65999984741211,16.280000686645508,549100
2020-04-27,17.670000076293945,18.059999465942383,16.299999237060547,16.43000030517578,883900
2020-04-28,17.040000915527344,18.440000534057617,16.850000381469727,18.31999969482422,626700
2020-04-29,19.399999618530273,19.450000762939453,17.270000457763672,17.799999237060547,962500
2020-04-30,17.700000762939453,19.200000762939453,17.559999465942383,19.06999969482422,910800
2020-05-01,16.479999542236328,17.290000915527344,16.350000381469727,17.229999542236328,672500
2020-05-04,17.299999237060547,17.31999969482422,16.030000686645508,16.219999313354492,417700
2020-05-05,16.65999984741211,17.719999313354492,16.520000457763672,17.440000534057617,488000
2020-05-06,17.899999618530273,18.260000228881836,16.799999237060547,17.18000030517578,857100
2020-05-07,16.8799991607666,18.329999923706055,16.850000381469727,18.079999923706055,621300
2020-05-08,17.799999237060547,17.940000534057617,17.0,17.1200008392334,823400
2020-05-11,17.18000030517578,17.8700008392334,17.079999923706055,17.559999465942383,1034400
2020-05-12,16.549999237060547,17.270000457763672,16.530000686645508,17.25,693900
2020-05-13,16.350000381469727,16.940000534057617,16.170000076293945,16.510000228881836,803600
2020-05-14,15.149999618530273,15.890000343322754,14.529999732971191,15.09000015258789,1790000
2020-05-15,16.18000030517578,16.299999237060547,15.199999809265137,15.300000190734863,1032600
2020-05-18,17.649999618530273,17.850000381469727,16.709999084472656,16.8799991607666,1081900
2020-05-19,17.049999237060547,17.59000015258789,16.520000457763672,17.479999542236328,794200
2020-05-20,17.329999923706055,17.670000076293945,16.959999084472656,17.389999389648438,723200
2020-05-21,18.190000534057617,18.600000381469727,17.6299991607666,18.059999465942383,1124700
2020-05-22,17.93000030517578,18.309999465942383,17.6299991607666,18.200000762939453,580900
2020-05-26,18.75,19.100000381469727,18.270000457763672,18.440000534057617,1200800
2020-05-27,18.90999984741211,19.139999389648438,18.260000228881836,19.0,942500
2020-05-28,18.149999618530273,19.110000610351562,18.079999923706055,18.84000015258789,624200
2020-05-29,17.860000610351562,18.149999618530273,17.31999969482422,18.0,687200
2020-06-01,17.989999771118164,18.65999984741211,17.709999084472656,17.809999465942383,992900
2020-06-02,20.299999237060547,20.549999237060547,17.809999465942383,18.079999923706055,2468600
2020-06-03,19.8799991607666,20.829999923706055,19.489999771118164,20.56999969482422,1303000
2020-06-04,19.0,19.8799991607666,18.899999618530273,19.739999771118164,904800
2020-06-05,19.110000610351562,19.65999984741211,19.020000457763672,19.469999313354492,1073300
2020-06-08,18.389999389648438,19.31999969482422,18.34000015258789,19.18000030517578,1375600
2020-06-09,18.75,19.309999465942383,18.030000686645508,18.100000381469727,1100800
2020-06-10,18.0,19.170000076293945,17.829999923706055,18.889999389648438,930000
2020-06-11,16.440000534057617,17.489999771118164,16.309999465942383,17.1299991607666,1254000
2020-06-12,16.690000534057617,17.149999618530273,16.280000686645508,16.8700008392334,835700
2020-06-15,17.239999771118164,17.5,16.0,16.40999984741211,920900
2020-06-16,17.299999237060547,17.889999389648438,16.850000381469727,17.889999389648438,1049200
2020-06-17,16.829999923706055,17.3700008392334,16.719999313354492,17.309999465942383,738500
2020-06-18,16.709999084472656,17.020000457763672,16.299999237060547,16.639999389648438,767900
2020-06-19,16.479999542236328,17.6200008392334,16.479999542236328,17.209999084472656,2175800
2020-06-22,16.84000015258789,17.079999923706055,16.190000534057617,16.56999969482422,1232000
2020-06-23,16.270000457763672,17.329999923706055,16.239999771118164,17.329999923706055,1346600
2020-06-24,15.739999771118164,16.420000076293945,15.529999732971191,16.25,1322200
2020-06-25,15.779999732971191,15.850000381469727,15.1899995803833,15.640000343322754,1391700
2020-06-26,15.220000267028809,15.789999961853027,15.020000457763672,15.699999809265137,7088800
2020-06-29,15.720000267028809,16.049999237060547,15.25,15.319999694824219,738500
2020-06-30,15.859999656677246,16.18000030517578,15.670000076293945,15.720000267028809,735300
2020-07-01,15.770000457763672,16.059999465942383,15.600000381469727,15.630000114440918,577300
2020-07-02,15.65999984741211,16.299999237060547,15.630000114440918,16.030000686645508,879700
2020-07-06,16.059999465942383,16.280000686645508,15.8100004196167,16.040000915527344,855400
2020-07-07,15.239999771118164,16.0,15.229999542236328,15.8100004196167,809500
2020-07-08,15.029999732971191,15.600000381469727,15.029999732971191,15.25,815600
2020-07-09,14.899999618530273,15.399999618530273,14.819999694824219,15.119999885559082,846500
2020-07-10,15.260000228881836,15.279999732971191,14.649999618530273,14.90999984741211,1013700
2020-07-13,15.010000228881836,15.75,14.979999542236328,15.579999923706055,931600
2020-07-14,14.899999618530273,15.140000343322754,14.670000076293945,15.0,609000
2020-07-15,15.520000457763672,15.859999656677246,15.100000381469727,15.210000038146973,869400
2020-07-16,15.350000381469727,15.470000267028809,15.0600004196167,15.25,790100
2020-07-17,15.670000076293945,15.789999961853027,15.350000381469727,15.350000381469727,482000
2020-07-20,15.960000038146973,16.18000030517578,15.420000076293945,15.699999809265137,861000
2020-07-21,15.829999923706055,16.440000534057617,15.520000457763672,16.25,760300
2020-07-22,15.579999923706055,15.970000267028809,15.430000305175781,15.819999694824219,504700
2020-07-23,15.65999984741211,15.960000038146973,15.520000457763672,15.579999923706055,515400
2020-07-24,15.130000114440918,15.579999923706055,14.930000305175781,15.470000267028809,688800
2020-07-27,15.59000015258789,15.8100004196167,15.0600004196167,15.130000114440918,792900
2020-07-28,15.300000190734863,15.869999885559082,15.199999809265137,15.600000381469727,415500
2020-07-29,15.079999923706055,15.380000114440918,15.039999961853027,15.300000190734863,510200
2020-07-30,15.010000228881836,15.25,14.609999656677246,15.0,823700
2020-07-31,14.979999542236328,15.220000267028809,14.800000190734863,15.180000305175781,591200
2020-08-03,15.260000228881836,15.510000228881836,14.880000114440918,15.020000457763672,808900
2020-08-04,15.819999694824219,15.829999923706055,15.100000381469727,15.210000038146973,1119000
2020-08-05,15.899999618530273,16.09000015258789,14.84000015258789,15.800000190734863,1681500
2020-08-06,15.59000015258789,16.030000686645508,15.010000228881836,15.319999694824219,1371000
2020-08-07,15.390000343322754,15.930000305175781,15.25,15.550000190734863,581800
2020-08-10,15.359999656677246,15.6899995803833,15.270000457763672,15.569999694824219,371400
2020-08-11,15.010000228881836,15.630000114440918,14.9399995803833,15.399999618530273,526400
2020-08-12,15.079999923706055,15.390000343322754,15.069999694824219,15.180000305175781,514100
2020-08-13,15.229999542236328,15.300000190734863,14.930000305175781,15.09000015258789,960500
2020-08-14,15.0,15.220000267028809,14.90999984741211,15.100000381469727,563200
2020-08-17,14.5600004196167,15.170000076293945,14.5600004196167,14.989999771118164,812600
2020-08-18,14.119999885559082,14.770000457763672,14.109999656677246,14.600000381469727,784100
2020-08-19,14.079999923706055,14.470000267028809,14.039999961853027,14.109999656677246,692600
2020-08-20,13.800000190734863,14.029999732971191,13.699999809265137,14.0,748100
2020-08-21,13.619999885559082,13.859999656677246,13.550000190734863,13.699999809265137,849000
2020-08-24,13.670000076293945,13.869999885559082,13.520000457763672,13.699999809265137,806500
2020-08-25,13.970000267028809,14.15999984741211,13.680000305175781,13.680000305175781,1218700
2020-08-26,14.300000190734863,14.520000457763672,14.0,14.0,1118900
2020-08-27,13.890000343322754,14.479999542236328,13.8100004196167,14.300000190734863,740100
2020-08-28,14.479999542236328,14.569999694824219,13.760000228881836,13.819999694824219,627000
2020-08-31,14.859999656677246,15.180000305175781,14.550000190734863,14.550000190734863,917200
2020-09-01,14.880000114440918,15.0600004196167,14.59000015258789,14.859999656677246,1014000
2020-09-02,15.079999923706055,15.329999923706055,14.819999694824219,14.850000381469727,1079800
2020-09-03,14.350000381469727,15.100000381469727,14.270000457763672,14.949999809265137,1216200
2020-09-04,14.039999961853027,14.5600004196167,13.539999961853027,14.380000114440918,1416100
2020-09-08,13.829999923706055,14.239999771118164,13.619999885559082,13.75,761300
2020-09-09,14.239999771118164,14.359999656677246,13.899999618530273,13.90999984741211,949100
2020-09-10,14.430000305175781,14.9399995803833,14.319999694824219,14.369999885559082,600000
2020-09-11,14.3100004196167,14.649999618530273,14.170000076293945,14.5,422700
2020-09-14,14.210000038146973,14.680000305175781,14.149999618530273,14.40999984741211,601000
2020-09-15,14.279999732971191,14.470000267028809,14.199999809265137,14.270000457763672,367800
2020-09-16,14.40999984741211,14.779999732971191,14.319999694824219,14.369999885559082,496600
2020-09-17,13.890000343322754,14.180000305175781,13.800000190734863,14.180000305175781,609000
2020-09-18,14.039999961853027,14.140000343322754,13.619999885559082,14.0600004196167,1277500
2020-09-21,13.319999694824219,13.8100004196167,13.109999656677246,13.739999771118164,944500
2020-09-22,13.170000076293945,13.390000343322754,13.029999732971191,13.329999923706055,545400
2020-09-23,12.699999809265137,13.430000305175781,12.680000305175781,13.229999542236328,774500
2020-09-24,12.069999694824219,12.369999885559082,11.890000343322754,12.140000343322754,1242000
2020-09-25,12.079999923706055,12.329999923706055,12.0,12.010000228881836,830300
2020-09-28,12.140000343322754,12.5,12.109999656677246,12.270000457763672,565000
2020-09-29,12.630000114440918,12.649999618530273,12.079999923706055,12.15999984741211,1070400
2020-09-30,12.470000267028809,12.949999809265137,12.380000114440918,12.649999618530273,887800
2020-10-01,12.510000228881836,12.75,12.420000076293945,12.510000228881836,817800
2020-10-02,12.359999656677246,12.479999542236328,12.119999885559082,12.140000343322754,1395600
2020-10-05,12.869999885559082,13.140000343322754,12.489999771118164,12.5,612900
2020-10-06,13.380000114440918,13.710000038146973,12.90999984741211,12.920000076293945,1018800
2020-10-07,14.130000114440918,14.369999885559082,13.34000015258789,13.479999542236328,1892600
2020-10-08,13.989999771118164,14.5,13.930000305175781,14.329999923706055,906200
2020-10-09,14.859999656677246,15.239999771118164,14.399999618530273,14.420000076293945,1441000
2020-10-12,14.789999961853027,15.279999732971191,14.510000228881836,15.119999885559082,1219000
2020-10-13,14.65999984741211,14.949999809265137,14.09000015258789,14.579999923706055,918500
2020-10-14,14.5600004196167,15.0,14.510000228881836,14.649999618530273,643600
2020-10-15,14.579999923706055,14.789999961853027,14.149999618530273,14.300000190734863,711700
2020-10-16,14.470000267028809,14.800000190734863,14.420000076293945,14.710000038146973,564800
2020-10-19,14.40999984741211,14.789999961853027,14.390000343322754,14.520000457763672,673500
2020-10-20,14.470000267028809,14.819999694824219,14.430000305175781,14.550000190734863,490600
2020-10-21,14.869999885559082,15.640000343322754,14.550000190734863,14.550000190734863,1007800
2020-10-22,15.5600004196167,15.720000267028809,14.819999694824219,14.890000343322754,1378900
2020-10-23,14.859999656677246,15.800000190734863,14.680000305175781,15.75,1054300
2020-10-26,13.649999618530273,14.630000114440918,13.5600004196167,14.59000015258789,1185200
2020-10-27,13.5600004196167,13.920000076293945,13.510000228881836,13.649999618530273,573000
2020-10-28,12.979999542236328,13.329999923706055,12.9399995803833,13.210000038146973,508500
2020-10-29,13.350000381469727,13.489999771118164,12.899999618530273,13.170000076293945,754600
2020-10-30,12.779999732971191,13.300000190734863,12.640000343322754,13.25,665600
2020-11-02,12.59000015258789,13.140000343322754,12.479999542236328,13.020000457763672,899700
2020-11-03,13.270000457763672,13.350000381469727,12.75,12.789999961853027,579900
2020-11-04,12.920000076293945,13.449999809265137,12.84000015258789,13.359999656677246,809800
2020-11-05,14.09000015258789,14.149999618530273,13.069999694824219,13.260000228881836,706100
2020-11-06,13.979999542236328,14.289999961853027,13.84000015258789,14.0600004196167,479700
2020-11-09,14.819999694824219,15.149999618530273,14.3100004196167,14.390000343322754,989100
2020-11-10,14.5600004196167,15.239999771118164,14.270000457763672,15.020000457763672,1047900
2020-11-11,14.880000114440918,14.979999542236328,14.319999694824219,14.600000381469727,1282700
2020-11-12,14.149999618530273,15.180000305175781,14.0600004196167,14.829999923706055,1408700
2020-11-13,13.899999618530273,14.239999771118164,13.670000076293945,14.109999656677246,993300
2020-11-16,13.640000343322754,14.130000114440918,13.420000076293945,14.010000228881836,1513700
2020-11-17,13.859999656677246,14.029999732971191,13.199999809265137,13.479999542236328,1167200
2020-11-18,14.039999961853027,14.319999694824219,13.760000228881836,13.800000190734863,777600
2020-11-19,13.859999656677246,14.109999656677246,13.770000457763672,13.989999771118164,790700
2020-11-20,13.890000343322754,14.100000381469727,13.819999694824219,13.84000015258789,681800
2020-11-23,13.979999542236328,14.329999923706055,13.859999656677246,14.029999732971191,930800
2020-11-24,15.180000305175781,15.260000228881836,14.079999923706055,14.079999923706055,1673500
2020-11-25,16.059999465942383,16.3700008392334,15.149999618530273,15.289999961853027,1607200
2020-11-27,16.18000030517578,16.229999542236328,15.720000267028809,16.010000228881836,529000
2020-11-30,17.100000381469727,17.850000381469727,16.200000762939453,16.260000228881836,2337100
2020-12-01,16.530000686645508,17.43000030517578,16.280000686645508,17.280000686645508,2042400
2020-12-02,17.399999618530273,17.559999465942383,16.290000915527344,16.299999237060547,1213300
2020-12-03,17.309999465942383,17.729999542236328,17.020000457763672,17.5,1084100
2020-12-04,18.020000457763672,18.200000762939453,17.270000457763672,17.5,1183300
2020-12-07,17.290000915527344,18.719999313354492,17.18000030517578,18.219999313354492,1437500
2020-12-08,17.610000610351562,18.06999969482422,17.219999313354492,17.219999313354492,910200
2020-12-09,19.079999923706055,19.65999984741211,17.950000762939453,18.100000381469727,3101700
2020-12-10,18.6299991607666,19.299999237060547,18.270000457763672,19.040000915527344,1764900
2020-12-11,18.260000228881836,19.09000015258789,18.170000076293945,18.34000015258789,1439700
2020-12-14,19.649999618530273,20.030000686645508,18.5,18.540000915527344,1843100
2020-12-15,19.649999618530273,19.969999313354492,19.34000015258789,19.899999618530273,1047900
2020-12-16,19.93000030517578,20.209999084472656,19.520000457763672,19.6299991607666,1261500
2020-12-17,20.959999084472656,21.020000457763672,19.979999542236328,20.209999084472656,1126400
2020-12-18,21.1200008392334,21.639999389648438,20.760000228881836,20.989999771118164,1249200
2020-12-21,21.15999984741211,21.530000686645508,20.0,20.3700008392334,966300
2020-12-22,22.59000015258789,22.790000915527344,21.170000076293945,21.170000076293945,1530400
2020-12-23,23.030000686645508,24.360000610351562,22.559999465942383,22.670000076293945,1601900
2020-12-24,21.610000610351562,23.389999389648438,21.389999389648438,23.229999542236328,913900
2020-12-28,21.09000015258789,22.239999771118164,21.030000686645508,21.979999542236328,4839300
2020-12-29,20.200000762939453,21.360000610351562,20.010000228881836,21.34000015258789,1404000
2020-12-30,20.68000030517578,20.899999618530273,20.420000076293945,20.5,1087300
2020-12-31,20.719999313354492,21.170000076293945,20.559999465942383,20.75,498600
2021-01-04,20.579999923706055,21.440000534057617,20.350000381469727,20.8700008392334,680900
2021-01-05,20.850000381469727,21.239999771118164,20.399999618530273,20.579999923706055,742800
2021-01-06,21.040000915527344,21.549999237060547,20.479999542236328,20.969999313354492,708700
2021-01-07,29.239999771118164,29.34000015258789,22.309999465942383,22.34000015258789,9271900
2021-01-08,28.1299991607666,31.399999618530273,26.700000762939453,27.81999969482422,5767400
2021-01-11,29.5,29.8799991607666,27.200000762939453,28.399999618530273,2904100
2021-01-12,27.329999923706055,30.209999084472656,26.81999969482422,29.75,2211300
2021-01-13,28.170000076293945,29.389999389648438,27.639999389648438,27.700000762939453,1592100
2021-01-14,32.77000045776367,32.810001373291016,28.260000228881836,28.440000534057617,3910900
2021-01-15,31.850000381469727,32.95000076293945,30.0,30.540000915527344,4350500
2021-01-19,35.84000015258789,35.84000015258789,32.599998474121094,32.869998931884766,3825400
2021-01-20,36.45000076293945,36.95000076293945,34.61000061035156,36.04999923706055,2435100
2021-01-21,36.040000915527344,37.130001068115234,34.7599983215332,36.869998931884766,1862900
2021-01-22,38.150001525878906,38.33000183105469,34.91999816894531,35.040000915527344,1920900
2021-01-25,40.0,41.150001525878906,38.150001525878906,39.41999816894531,2651400
2021-01-26,42.38999938964844,42.540000915527344,39.540000915527344,40.36000061035156,1725300
2021-01-27,45.119998931884766,46.4900016784668,39.25,39.75,3174900
2021-01-28,43.7400016784668,46.349998474121094,39.88999938964844,43.720001220703125,3335900
2021-01-29,41.5099983215332,45.18000030517578,41.459999084472656,43.15999984741211,1040600
2021-02-01,45.529998779296875,46.65999984741211,42.18000030517578,42.2599983215332,2069000
2021-02-02,46.5,48.40999984741211,44.099998474121094,45.95000076293945,1792500
2021-02-03,47.06999969482422,51.290000915527344,46.720001220703125,47.880001068115234,2174400
2021-02-04,47.52000045776367,50.0099983215332,45.97999954223633,47.5,2420600
2021-02-05,51.720001220703125,52.2599983215332,46.599998474121094,47.58000183105469,2504800
2021-02-08,54.369998931884766,56.95000076293945,50.86000061035156,51.9900016784668,3219400
2021-02-09,53.0,54.90999984741211,51.90999984741211,54.7400016784668,2513300
2021-02-10,50.630001068115234,54.0,49.0,53.29999923706055,1883000
2021-02-11,50.70000076293945,53.939998626708984,48.650001525878906,52.349998474121094,1532000
2021-02-12,50.099998474121094,50.849998474121094,47.279998779296875,49.7400016784668,1491500
2021-02-16,49.06999969482422,52.040000915527344,48.68000030517578,51.380001068115234,1579000
2021-02-17,48.59000015258789,51.529998779296875,47.619998931884766,50.33000183105469,1858100
2021-02-18,41.290000915527344,47.810001373291016,41.220001220703125,46.88999938964844,3676800
2021-02-19,43.91999816894531,46.119998931884766,42.5099983215332,42.720001220703125,3471200
2021-02-22,40.290000915527344,44.20000076293945,40.20000076293945,42.08000183105469,1845600
2021-02-23,35.560001373291016,36.939998626708984,31.350000381469727,36.470001220703125,4648100
2021-02-24,35.88999938964844,36.77000045776367,34.0,35.70000076293945,2021000
2021-02-25,34.16999816894531,38.20000076293945,34.0099983215332,35.900001525878906,2345000
2021-02-26,34.4900016784668,36.4900016784668,32.75,34.630001068115234,2083100
2021-03-01,36.279998779296875,41.90999984741211,36.09000015258789,40.7400016784668,4264700
2021-03-02,32.279998779296875,35.400001525878906,32.029998779296875,34.31999969482422,2299000
2021-03-03,26.799999237060547,29.299999237060547,26.010000228881836,27.709999084472656,10289700
2021-03-04,24.440000534057617,27.530000686645508,23.760000228881836,26.59000015258789,6150500
2021-03-05,23.690000534057617,25.1200008392334,21.030000686645508,25.06999969482422,5565800
2021-03-08,21.850000381469727,24.3799991607666,21.6200008392334,24.06999969482422,4045600
2021-03-09,24.43000030517578,25.170000076293945,23.09000015258789,23.610000610351562,7266200
2021-03-10,25.3799991607666,26.209999084472656,24.040000915527344,25.280000686645508,4363700
2021-03-11,28.139999389648438,28.329999923706055,26.25,26.579999923706055,3079800
2021-03-12,28.34000015258789,28.489999771118164,26.6200008392334,27.5,3062200
2021-03-15,29.760000228881836,30.5,28.270000457763672,28.889999389648438,2907600
2021-03-16,27.489999771118164,30.350000381469727,26.6200008392334,30.15999984741211,2112300
2021-03-17,28.350000381469727,28.829999923706055,25.309999465942383,26.200000762939453,1739200
2021-03-18,26.8700008392334,28.5,26.559999465942383,27.899999618530273,1320200
2021-03-19,27.809999465942383,27.81999969482422,26.079999923706055,26.920000076293945,2245700
2021-03-22,27.979999542236328,28.899999618530273,27.040000915527344,28.75,2253000
2021-03-23,25.770000457763672,28.229999542236328,25.299999237060547,28.010000228881836,2265800
2021-03-24,23.719999313354492,26.56999969482422,23.549999237060547,26.239999771118164,1874500
2021-03-25,24.959999084472656,25.170000076293945,22.399999618530273,22.549999237060547,2139300
2021-03-26,24.670000076293945,25.170000076293945,23.420000076293945,25.0,1444600
2021-03-29,23.739999771118164,24.8799991607666,23.440000534057617,24.75,870700
2021-03-30,25.079999923706055,25.280000686645508,22.860000610351562,23.510000228881836,1240500
2021-03-31,25.899999618530273,26.579999923706055,25.5,25.770000457763672,1424000
2021-04-01,25.260000228881836,27.1299991607666,25.1299991607666,27.1299991607666,1542800
2021-04-05,25.459999084472656,26.100000381469727,25.18000030517578,25.739999771118164,752400
2021-04-06,25.309999465942383,25.75,24.450000762939453,25.420000076293945,1166700
2021-04-07,23.84000015258789,25.25,23.610000610351562,24.959999084472656,1336300
2021-04-08,24.0,24.40999984741211,23.479999542236328,24.149999618530273,756300
2021-04-09,23.790000915527344,23.940000534057617,23.149999618530273,23.610000610351562,950100
2021-04-12,22.75,23.65999984741211,22.40999984741211,23.649999618530273,1305900
2021-04-13,23.8799991607666,24.15999984741211,22.709999084472656,23.190000534057617,1446800
2021-04-14,23.549999237060547,24.8799991607666,23.440000534057617,23.889999389648438,1152200
2021-04-15,22.6200008392334,24.899999618530273,22.450000762939453,24.09000015258789,1927200
2021-04-16,22.639999389648438,22.799999237060547,21.700000762939453,22.6299991607666,1505000
2021-04-19,21.190000534057617,22.329999923706055,20.639999389648438,22.229999542236328,2195600
2021-04-20,20.90999984741211,21.690000534057617,20.3700008392334,21.1299991607666,947100
2021-04-21,22.25,22.329999923706055,20.1200008392334,20.59000015258789,1269600
2021-04-22,22.93000030517578,23.559999465942383,22.049999237060547,22.549999237060547,1974500
2021-04-23,23.5,23.780000686645508,22.600000381469727,22.8799991607666,1037500
2021-04-26,24.549999237060547,24.65999984741211,23.549999237060547,24.0,870100
2021-04-27,24.260000228881836,24.920000076293945,24.059999465942383,24.700000762939453,1192000
2021-04-28,23.739999771118164,24.270000457763672,23.15999984741211,23.850000381469727,617400
2021-04-29,22.899999618530273,23.940000534057617,22.31999969482422,23.889999389648438,713700
2021-04-30,22.40999984741211,22.8700008392334,22.170000076293945,22.420000076293945,873800
2021-05-03,21.440000534057617,22.520000457763672,21.280000686645508,22.510000228881836,1257600
2021-05-04,20.8799991607666,21.25,20.350000381469727,21.1200008392334,1839100
2021-05-05,20.0,21.229999542236328,19.799999237060547,20.899999618530273,1776500
2021-05-06,19.56999969482422,19.8799991607666,18.780000686645508,19.790000915527344,1977600
2021-05-07,20.049999237060547,21.030000686645508,19.850000381469727,19.979999542236328,1361900
2021-05-10,18.649999618530273,19.75,18.649999618530273,19.75,1384100
2021-05-11,20.260000228881836,20.6200008392334,17.81999969482422,18.25,3158600
2021-05-12,19.440000534057617,20.110000610351562,19.200000762939453,19.6299991607666,1440900
2021-05-13,18.860000610351562,20.43000030517578,18.440000534057617,19.65999984741211,1412100
2021-05-14,19.799999237060547,19.979999542236328,18.93000030517578,19.309999465942383,1202900
2021-05-17,20.280000686645508,20.75,19.510000228881836,19.709999084472656,1433600
2021-05-18,21.1299991607666,21.899999618530273,20.030000686645508,20.31999969482422,2018400
2021-05-19,21.579999923706055,21.790000915527344,20.209999084472656,20.31999969482422,2072400
2021-05-20,21.450000762939453,21.940000534057617,21.010000228881836,21.68000030517578,1001000
2021-05-21,22.329999923706055,22.799999237060547,21.25,21.729999542236328,1342900
2021-05-24,22.520000457763672,22.8799991607666,21.979999542236328,22.43000030517578,1244000
2021-05-25,22.020000457763672,22.959999084472656,21.600000381469727,22.639999389648438,1262400
2021-05-26,23.229999542236328,23.510000228881836,22.15999984741211,22.290000915527344,1103300
2021-05-27,23.709999084472656,23.889999389648438,22.860000610351562,23.459999084472656,859600
2021-05-28,23.09000015258789,24.709999084472656,23.049999237060547,23.989999771118164,1411100
2021-06-01,23.190000534057617,23.59000015258789,22.649999618530273,23.389999389648438,899500
2021-06-02,24.510000228881836,24.690000534057617,23.25,23.290000915527344,1630400
2021-06-03,23.110000610351562,24.399999618530273,23.0,24.049999237060547,883800
2021-06-04,22.93000030517578,23.739999771118164,22.889999389648438,23.350000381469727,809600
2021-06-07,23.18000030517578,23.559999465942383,22.649999618530273,23.0,1053900
2021-06-08,23.209999084472656,24.110000610351562,22.8799991607666,23.639999389648438,751600
2021-06-09,22.59000015258789,23.719999313354492,22.530000686645508,23.520000457763672,692400
2021-06-10,22.729999542236328,22.920000076293945,22.110000610351562,22.489999771118164,880900
2021-06-11,22.809999465942383,23.43000030517578,22.700000762939453,22.889999389648438,737500
2021-06-14,22.489999771118164,23.280000686645508,22.43000030517578,22.850000381469727,1049000
2021-06-15,21.5,22.639999389648438,21.309999465942383,22.469999313354492,700500
2021-06-16,21.56999969482422,21.639999389648438,20.709999084472656,21.299999237060547,1014000
2021-06-17,22.149999618530273,22.600000381469727,21.190000534057617,21.510000228881836,1208200
2021-06-18,21.6299991607666,22.31999969482422,21.43000030517578,21.670000076293945,988900
2021-06-21,22.219999313354492,22.40999984741211,21.540000915527344,21.690000534057617,686900
2021-06-22,24.81999969482422,26.329999923706055,22.270000457763672,22.299999237060547,7083800
2021-06-23,25.559999465942383,26.149999618530273,23.8799991607666,24.829999923706055,2138400
2021-06-24,26.09000015258789,26.760000228881836,25.25,25.920000076293945,2682500
2021-06-25,26.489999771118164,27.469999313354492,25.579999923706055,25.969999313354492,2753300
2021-06-28,27.690000534057617,28.739999771118164,26.889999389648438,27.020000457763672,2291700
2021-06-29,25.829999923706055,28.079999923706055,25.6200008392334,27.709999084472656,1420300
2021-06-30,25.860000610351562,26.450000762939453,24.979999542236328,25.809999465942383,1902900
2021-07-01,25.139999389648438,26.440000534057617,24.420000076293945,26.0,1441100
2021-07-02,23.31999969482422,25.520000457763672,23.299999237060547,25.200000762939453,1579100
2021-07-06,24.100000381469727,24.479999542236328,22.670000076293945,23.6200008392334,1243300
2021-07-07,22.559999465942383,24.100000381469727,22.40999984741211,24.030000686645508,940600
2021-07-08,22.56999969482422,22.709999084472656,21.25,21.75,1287300
2021-07-09,22.860000610351562,23.06999969482422,22.059999465942383,22.68000030517578,809100
2021-07-12,22.020000457763672,23.1200008392334,21.700000762939453,22.790000915527344,1288300
2021-07-13,21.8700008392334,21.989999771118164,21.40999984741211,21.780000686645508,890200
2021-07-14,21.510000228881836,22.780000686645508,21.25,22.040000915527344,1243000
2021-07-15,20.68000030517578,21.709999084472656,20.3700008392334,21.510000228881836,1154900
2021-07-16,19.940000534057617,21.190000534057617,19.8799991607666,21.020000457763672,756600
2021-07-19,19.899999618530273,20.200000762939453,19.040000915527344,19.309999465942383,829300
2021-07-20,20.5,20.809999465942383,19.459999084472656,20.0,985900
2021-07-21,21.06999969482422,21.43000030517578,20.360000610351562,20.530000686645508,709200
2021-07-22,20.510000228881836,21.049999237060547,20.170000076293945,21.049999237060547,796000
2021-07-23,20.010000228881836,20.649999618530273,19.760000228881836,20.559999465942383,727900
2021-07-26,19.8700008392334,20.299999237060547,19.600000381469727,19.899999618530273,600000
2021-07-27,19.399999618530273,19.760000228881836,18.549999237060547,19.549999237060547,1039600
2021-07-28,20.270000457763672,20.520000457763672,19.610000610351562,19.610000610351562,738500
2021-07-29,20.1200008392334,20.639999389648438,19.950000762939453,20.3799991607666,427500
2021-07-30,19.739999771118164,20.239999771118164,19.68000030517578,19.75,595800
2021-08-02,19.8799991607666,20.06999969482422,19.579999923706055,19.989999771118164,514100
2021-08-03,19.639999389648438,19.969999313354492,19.110000610351562,19.860000610351562,621100
2021-08-04,19.700000762939453,20.360000610351562,19.31999969482422,19.459999084472656,740200
2021-08-05,21.889999389648438,23.270000457763672,21.34000015258789,23.270000457763672,2212000
2021-08-06,21.31999969482422,22.1200008392334,21.170000076293945,22.1200008392334,779700
2021-08-09,21.920000076293945,22.15999984741211,21.389999389648438,21.389999389648438,861100
2021-08-10,23.329999923706055,24.209999084472656,22.75,22.90999984741211,2191500
2021-08-11,22.93000030517578,23.75,22.3799991607666,23.3799991607666,973500
2021-08-12,23.739999771118164,24.600000381469727,23.209999084472656,23.450000762939453,1436900
2021-08-13,22.079999923706055,23.889999389648438,22.010000228881836,23.709999084472656,947400
2021-08-16,20.93000030517578,21.989999771118164,20.84000015258789,21.959999084472656,1144400
2021-08-17,20.25,21.15999984741211,19.709999084472656,20.559999465942383,1160600
2021-08-18,20.209999084472656,20.950000762939453,20.06999969482422,20.420000076293945,763100
2021-08-19,19.6299991607666,20.18000030517578,19.520000457763672,19.920000076293945,979900
2021-08-20,20.31999969482422,20.3700008392334,19.600000381469727,19.649999618530273,503300
2021-08-23,20.780000686645508,20.90999984741211,20.209999084472656,20.65999984741211,552400
2021-08-24,21.260000228881836,21.31999969482422,20.65999984741211,21.020000457763672,712200
2021-08-25,20.760000228881836,21.649999618530273,20.75,21.260000228881836,623000
2021-08-26,20.290000915527344,21.3700008392334,20.280000686645508,20.770000457763672,474100
2021-08-27,20.770000457763672,20.889999389648438,20.030000686645508,20.209999084472656,527700
2021-08-30,20.489999771118164,21.049999237060547,20.25,21.049999237060547,440600
2021-08-31,21.059999465942383,21.059999465942383,20.479999542236328,20.559999465942383,406700
2021-09-01,22.1200008392334,23.030000686645508,21.049999237060547,21.049999237060547,1179600
2021-09-02,23.209999084472656,23.860000610351562,22.190000534057617,22.200000762939453,1120200
2021-09-03,22.969999313354492,23.399999618530273,22.559999465942383,23.280000686645508,747500
2021-09-07,23.739999771118164,23.790000915527344,23.0,23.360000610351562,796500
2021-09-08,22.969999313354492,24.200000762939453,22.389999389648438,23.799999237060547,1166500
2021-09-09,23.829999923706055,24.420000076293945,22.700000762939453,22.850000381469727,976000
2021-09-10,23.43000030517578,24.309999465942383,23.309999465942383,24.06999969482422,646700
2021-09-13,22.799999237060547,23.530000686645508,22.450000762939453,23.459999084472656,838900
2021-09-14,22.260000228881836,23.399999618530273,22.010000228881836,22.889999389648438,707200
2021-09-15,22.68000030517578,22.700000762939453,21.8799991607666,22.350000381469727,611600
2021-09-16,23.110000610351562,23.450000762939453,22.559999465942383,22.579999923706055,709200
2021-09-17,23.649999618530273,23.649999618530273,22.790000915527344,23.190000534057617,1229900
2021-09-20,22.200000762939453,22.700000762939453,21.450000762939453,22.440000534057617,1131200
2021-09-21,21.850000381469727,22.56999969482422,21.75,22.329999923706055,706800
2021-09-22,22.68000030517578,22.950000762939453,22.15999984741211,22.190000534057617,632200
2021-09-23,22.770000457763672,23.290000915527344,22.579999923706055,22.829999923706055,796500
2021-09-24,22.299999237060547,22.559999465942383,21.90999984741211,22.450000762939453,710300
2021-09-27,23.079999923706055,23.18000030517578,21.920000076293945,22.3700008392334,547100
2021-09-28,21.65999984741211,22.65999984741211,21.639999389648438,22.59000015258789,990200
2021-09-29,21.59000015258789,21.989999771118164,21.229999542236328,21.850000381469727,909800
2021-09-30,21.520000457763672,22.18000030517578,21.5,21.670000076293945,415700
2021-10-01,22.219999313354492,22.290000915527344,21.059999465942383,21.920000076293945,951100
2021-10-04,21.709999084472656,22.43000030517578,21.290000915527344,22.010000228881836,885100
2021-10-05,22.549999237060547,22.959999084472656,21.709999084472656,21.90999984741211,1037900
2021-10-06,23.31999969482422,23.31999969482422,21.809999465942383,22.0,732700
2021-10-07,25.170000076293945,25.290000915527344,23.549999237060547,23.549999237060547,1556300
2021-10-08,26.350000381469727,26.989999771118164,25.079999923706055,25.200000762939453,1752100
2021-10-11,26.959999084472656,27.59000015258789,26.170000076293945,26.18000030517578,1332700
2021-10-12,27.0,27.8799991607666,26.649999618530273,27.06999969482422,1154000
2021-10-13,27.110000610351562,27.940000534057617,27.079999923706055,27.270000457763672,835600
2021-10-14,27.739999771118164,27.889999389648438,27.040000915527344,27.520000457763672,701800
2021-10-15,27.5,28.34000015258789,27.049999237060547,28.0,887200
2021-10-18,27.399999618530273,28.139999389648438,26.979999542236328,26.979999542236328,605500
2021-10-19,30.040000915527344,30.1299991607666,27.540000915527344,27.540000915527344,1289000
2021-10-20,29.43000030517578,30.93000030517578,28.850000381469727,30.110000610351562,1653200
2021-10-21,29.549999237060547,30.450000762939453,29.270000457763672,29.43000030517578,834500
2021-10-22,28.0,29.639999389648438,27.559999465942383,29.459999084472656,919600
2021-10-25,34.0,34.0,29.559999465942383,29.799999237060547,4345400
2021-10-26,31.979999542236328,33.75,31.459999084472656,33.400001525878906,1644600
2021-10-27,30.450000762939453,33.06999969482422,30.280000686645508,32.209999084472656,1027900
2021-10-28,30.93000030517578,31.3799991607666,30.40999984741211,30.600000381469727,1055900
2021-10-29,31.540000915527344,31.799999237060547,30.81999969482422,30.850000381469727,679000
2021-11-01,33.9900016784668,34.08000183105469,31.84000015258789,31.90999984741211,1554200
2021-11-02,33.400001525878906,33.9900016784668,32.599998474121094,33.79999923706055,821300
2021-11-03,32.09000015258789,33.61000061035156,31.889999389648438,33.130001068115234,1414500
2021-11-04,36.2599983215332,42.83000183105469,35.15999984741211,37.0,7358600
2021-11-05,34.66999816894531,36.0,33.40999984741211,34.0,1979500
2021-11-08,37.09000015258789,38.13999938964844,35.040000915527344,35.040000915527344,1506400
2021-11-09,36.18000030517578,37.43000030517578,35.29999923706055,36.650001525878906,1407400
2021-11-10,33.83000183105469,36.560001373291016,33.54999923706055,35.40999984741211,1181300
2021-11-11,33.47999954223633,34.58000183105469,33.25,34.13999938964844,765800
2021-11-12,33.2400016784668,34.08000183105469,32.599998474121094,33.939998626708984,905200
2021-11-15,33.04999923706055,34.02000045776367,32.599998474121094,33.369998931884766,597800
2021-11-16,32.790000915527344,33.0099983215332,32.029998779296875,32.849998474121094,591700
2021-11-17,30.729999542236328,33.0,30.290000915527344,32.81999969482422,1379900
2021-11-18,30.3700008392334,30.8700008392334,29.6200008392334,30.8700008392334,948200
2021-11-19,29.700000762939453,30.610000610351562,29.59000015258789,30.010000228881836,1135400
2021-11-22,27.959999084472656,29.709999084472656,27.610000610351562,29.639999389648438,1964300
2021-11-23,27.649999618530273,28.549999237060547,27.139999389648438,27.809999465942383,1449800
2021-11-24,28.059999465942383,28.219999313354492,27.059999465942383,27.399999618530273,789100
2021-11-26,27.0,27.649999618530273,26.5,26.81999969482422,603900
2021-11-29,27.020000457763672,27.850000381469727,26.34000015258789,27.65999984741211,876800
2021-11-30,26.989999771118164,27.34000015258789,25.950000762939453,26.709999084472656,983300
2021-12-01,25.239999771118164,27.700000762939453,25.200000762939453,27.520000457763672,1029900
2021-12-02,25.920000076293945,26.15999984741211,24.600000381469727,25.0,1024200
2021-12-03,24.219999313354492,25.770000457763672,23.850000381469727,25.68000030517578,1564600
2021-12-06,24.420000076293945,24.780000686645508,23.3799991607666,24.420000076293945,885500
2021-12-07,25.729999542236328,26.5,25.290000915527344,25.700000762939453,935900
2021-12-08,26.719999313354492,27.309999465942383,25.809999465942383,26.010000228881836,988300
2021-12-09,25.469999313354492,26.700000762939453,25.34000015258789,26.309999465942383,764000
2021-12-10,24.90999984741211,26.25,24.780000686645508,26.15999984741211,634000
2021-12-13,23.399999618530273,25.110000610351562,23.350000381469727,25.0,954300
2021-12-14,23.469999313354492,23.75,22.700000762939453,22.8700008392334,1001200
2021-12-15,24.479999542236328,24.68000030517578,22.959999084472656,23.489999771118164,1134900
2021-12-16,23.170000076293945,24.850000381469727,22.780000686645508,24.770000457763672,1313800
2021-12-17,24.450000762939453,24.459999084472656,22.520000457763672,22.760000228881836,1761300
2021-12-20,23.270000457763672,23.920000076293945,22.959999084472656,23.360000610351562,608300
2021-12-21,23.979999542236328,24.260000228881836,23.59000015258789,23.649999618530273,487300
2021-12-22,23.709999084472656,24.290000915527344,23.280000686645508,24.0,570300
2021-12-23,23.950000762939453,24.170000076293945,23.540000915527344,23.729999542236328,795300
2021-12-27,24.3700008392334,24.43000030517578,23.520000457763672,23.530000686645508,665500
2021-12-28,23.959999084472656,25.139999389648438,23.799999237060547,24.5,984900
2021-12-29,23.899999618530273,24.399999618530273,23.31999969482422,23.940000534057617,934800
2021-12-30,24.770000457763672,25.420000076293945,23.940000534057617,23.959999084472656,778100
2021-12-31,24.489999771118164,25.389999389648438,24.440000534057617,24.65999984741211,874500
2022-01-03,25.079999923706055,25.65999984741211,24.459999084472656,24.940000534057617,663500
2022-01-04,24.420000076293945,25.399999618530273,23.299999237060547,25.239999771118164,817100
2022-01-05,22.709999084472656,24.950000762939453,22.549999237060547,24.110000610351562,996200
2022-01-06,23.280000686645508,23.639999389648438,22.149999618530273,22.520000457763672,1137800
2022-01-07,23.81999969482422,24.639999389648438,22.979999542236328,23.15999984741211,671300
2022-01-10,23.770000457763672,24.0,22.600000381469727,23.270000457763672,776500
2022-01-11,24.65999984741211,24.780000686645508,23.459999084472656,23.770000457763672,672500
2022-01-12,24.6200008392334,25.270000457763672,24.25,24.969999313354492,868300
2022-01-13,23.8799991607666,25.389999389648438,23.809999465942383,24.829999923706055,781000
2022-01-14,24.040000915527344,24.190000534057617,23.229999542236328,23.360000610351562,779400
2022-01-18,23.06999969482422,24.389999389648438,23.06999969482422,23.600000381469727,978200
2022-01-19,22.1200008392334,23.829999923706055,22.09000015258789,23.15999984741211,1018400
2022-01-20,22.56999969482422,23.969999313354492,22.520000457763672,22.600000381469727,797000
2022-01-21,21.809999465942383,22.979999542236328,21.6299991607666,22.059999465942383,1305800
2022-01-24,22.049999237060547,22.110000610351562,19.559999465942383,20.09000015258789,1555600
2022-01-25,22.010000228881836,23.059999465942383,20.940000534057617,21.420000076293945,880600
2022-01-26,21.510000228881836,23.3700008392334,21.31999969482422,22.81999969482422,1088400
2022-01-27,21.06999969482422,22.610000610351562,20.93000030517578,22.079999923706055,698900
2022-01-28,21.90999984741211,21.959999084472656,20.43000030517578,21.010000228881836,772300
2022-01-31,23.84000015258789,23.8700008392334,22.110000610351562,22.299999237060547,868500
2022-02-01,24.149999618530273,24.799999237060547,23.25,24.030000686645508,871100
2022-02-02,23.690000534057617,25.1299991607666,23.149999618530273,24.3799991607666,617500
2022-02-03,22.940000534057617,23.459999084472656,22.34000015258789,22.760000228881836,676400
2022-02-04,23.579999923706055,23.850000381469727,22.270000457763672,22.84000015258789,506400
2022-02-07,24.030000686645508,24.5,23.420000076293945,23.760000228881836,587800
2022-02-08,24.68000030517578,24.8799991607666,23.8799991607666,24.030000686645508,739300
2022-02-09,26.329999923706055,26.329999923706055,24.6299991607666,25.139999389648438,1212700
2022-02-10,25.8799991607666,27.389999389648438,25.200000762939453,25.3799991607666,1080100
2022-02-11,25.34000015258789,27.280000686645508,25.020000457763672,25.940000534057617,715400
2022-02-14,26.0,26.6299991607666,24.979999542236328,25.200000762939453,796100
2022-02-15,27.889999389648438,27.90999984741211,26.520000457763672,26.59000015258789,696900
2022-02-16,27.739999771118164,28.0,27.049999237060547,27.65999984741211,564800
2022-02-17,26.450000762939453,27.479999542236328,26.079999923706055,27.34000015258789,616500
2022-02-18,25.850000381469727,26.729999542236328,25.469999313354492,26.31999969482422,540800
2022-02-22,24.670000076293945,25.959999084472656,24.190000534057617,25.190000534057617,839500
2022-02-23,22.59000015258789,26.469999313354492,22.549999237060547,24.489999771118164,1471300
2022-02-24,24.309999465942383,24.389999389648438,21.530000686645508,21.610000610351562,1350700
2022-02-25,24.18000030517578,24.520000457763672,23.31999969482422,24.459999084472656,953400
2022-02-28,25.079999923706055,25.25,23.809999465942383,23.950000762939453,785200
2022-03-01,23.65999984741211,26.299999237060547,23.40999984741211,25.799999237060547,868000
2022-03-02,23.969999313354492,24.280000686645508,23.149999618530273,23.709999084472656,516700
2022-03-03,22.940000534057617,24.1200008392334,22.719999313354492,24.1200008392334,607700
2022-03-04,21.899999618530273,23.329999923706055,21.760000228881836,22.420000076293945,733800
2022-03-07,22.5,23.040000915527344,21.850000381469727,21.860000610351562,699200
2022-03-08,23.3799991607666,24.350000381469727,22.219999313354492,22.479999542236328,734500
2022-03-09,24.0,24.299999237060547,23.450000762939453,23.889999389648438,851800
2022-03-10,23.780000686645508,23.829999923706055,22.950000762939453,23.5,432100
2022-03-11,23.18000030517578,24.479999542236328,23.149999618530273,23.969999313354492,554700
2022-03-14,21.709999084472656,23.479999542236328,21.670000076293945,22.920000076293945,626600
2022-03-15,22.829999923706055,22.860000610351562,21.399999618530273,21.790000915527344,528500
2022-03-16,24.84000015258789,24.899999618530273,23.010000228881836,23.309999465942383,730100
2022-03-17,25.09000015258789,25.34000015258789,23.950000762939453,24.440000534057617,575600
2022-03-18,25.43000030517578,25.93000030517578,24.6299991607666,24.6299991607666,712600
2022-03-21,24.729999542236328,25.450000762939453,24.280000686645508,25.18000030517578,455300
2022-03-22,25.139999389648438,25.549999237060547,24.469999313354492,24.829999923706055,577900
2022-03-23,24.479999542236328,25.299999237060547,24.420000076293945,24.799999237060547,374000
2022-03-24,25.229999542236328,25.239999771118164,23.899999618530273,24.690000534057617,530400
2022-03-25,24.6299991607666,25.299999237060547,24.020000457763672,25.15999984741211,452900
2022-03-28,25.209999084472656,25.229999542236328,24.170000076293945,24.950000762939453,424200
2022-03-29,27.170000076293945,27.34000015258789,25.510000228881836,25.510000228881836,924600
2022-03-30,26.229999542236328,27.639999389648438,26.170000076293945,27.260000228881836,662500
2022-03-31,25.389999389648438,26.479999542236328,25.219999313354492,26.190000534057617,407500
2022-04-01,25.530000686645508,25.90999984741211,24.889999389648438,25.65999984741211,407800
2022-04-04,25.670000076293945,26.440000534057617,25.40999984741211,25.799999237060547,737600
2022-04-05,24.1299991607666,25.559999465942383,23.860000610351562,25.5,609400
2022-04-06,23.020000457763672,23.68000030517578,22.690000534057617,23.389999389648438,650900
2022-04-07,22.799999237060547,23.520000457763672,22.15999984741211,23.1200008392334,483800
2022-04-08,21.739999771118164,22.579999923706055,21.6200008392334,22.579999923706055,407700
2022-04-11,21.59000015258789,21.989999771118164,20.899999618530273,21.450000762939453,582100
2022-04-12,21.639999389648438,22.690000534057617,21.489999771118164,22.190000534057617,521700
2022-04-13,22.15999984741211,22.239999771118164,21.309999465942383,21.639999389648438,457600
2022-04-14,21.510000228881836,22.31999969482422,21.469999313354492,22.209999084472656,557400
2022-04-18,21.1200008392334,21.639999389648438,20.8799991607666,21.450000762939453,497100
2022-04-19,21.56999969482422,22.31999969482422,21.149999618530273,21.229999542236328,476400
2022-04-20,21.219999313354492,21.770000457763672,21.059999465942383,21.729999542236328,552600
2022-04-21,20.229999542236328,22.100000381469727,20.010000228881836,21.600000381469727,747900
2022-04-22,19.989999771118164,20.799999237060547,19.829999923706055,20.149999618530273,571900
2022-04-25,20.84000015258789,20.950000762939453,19.700000762939453,19.75,690200
2022-04-26,19.540000915527344,20.790000915527344,19.420000076293945,20.56999969482422,685000
2022-04-27,19.510000228881836,20.139999389648438,19.399999618530273,19.549999237060547,500400
2022-04-28,19.65999984741211,20.190000534057617,18.93000030517578,19.719999313354492,834100
2022-04-29,19.389999389648438,20.40999984741211,19.31999969482422,19.34000015258789,603000
2022-05-02,20.200000762939453,20.239999771118164,18.889999389648438,19.170000076293945,750500
2022-05-03,20.31999969482422,20.690000534057617,19.920000076293945,20.209999084472656,479300
2022-05-04,21.020000457763672,21.18000030517578,19.690000534057617,20.399999618530273,1029800
2022-05-05,19.780000686645508,20.579999923706055,19.5,20.559999465942383,603400
2022-05-06,19.56999969482422,20.190000534057617,18.799999237060547,19.809999465942383,840100
2022-05-09,18.100000381469727,19.450000762939453,18.0,18.8799991607666,1150800
2022-05-10,18.0,19.260000228881836,16.860000610351562,18.469999313354492,1800300
2022-05-11,16.469999313354492,18.229999542236328,16.3700008392334,17.68000030517578,1559300
2022-05-12,16.709999084472656,17.93000030517578,15.859999656677246,16.040000915527344,1713600
2022-05-13,17.84000015258789,18.399999618530273,17.309999465942383,17.309999465942383,1174200
2022-05-16,17.1200008392334,18.040000915527344,16.920000076293945,17.899999618530273,1158700
2022-05-17,19.299999237060547,19.670000076293945,18.59000015258789,18.809999465942383,1831400
2022-05-18,18.860000610351562,19.700000762939453,18.579999923706055,18.760000228881836,888300
2022-05-19,18.719999313354492,19.34000015258789,18.6299991607666,18.700000762939453,794200
2022-05-20,18.670000076293945,19.440000534057617,17.799999237060547,18.729999542236328,777800
2022-05-23,18.40999984741211,19.020000457763672,18.15999984741211,18.81999969482422,614700
2022-05-24,17.65999984741211,18.15999984741211,17.399999618530273,18.110000610351562,661300
2022-05-25,18.309999465942383,18.559999465942383,17.450000762939453,17.540000915527344,562800
2022-05-26,19.1200008392334,19.309999465942383,18.170000076293945,18.170000076293945,721700
2022-05-27,20.229999542236328,20.329999923706055,19.209999084472656,19.299999237060547,597500
2022-05-31,19.940000534057617,20.280000686645508,19.579999923706055,19.969999313354492,773200
2022-06-01,19.329999923706055,20.420000076293945,19.31999969482422,19.940000534057617,731600
2022-06-02,20.479999542236328,20.489999771118164,19.309999465942383,19.420000076293945,634300
2022-06-03,19.729999542236328,20.219999313354492,19.520000457763672,19.84000015258789,591800
2022-06-06,18.639999389648438,20.18000030517578,18.40999984741211,19.90999984741211,973600
2022-06-07,19.0,19.06999969482422,18.110000610351562,18.329999923706055,648300
2022-06-08,19.440000534057617,19.719999313354492,18.860000610351562,18.989999771118164,463700
2022-06-09,18.469999313354492,19.350000381469727,18.440000534057617,19.170000076293945,493000
2022-06-10,18.010000228881836,18.399999618530273,17.59000015258789,17.729999542236328,651200
2022-06-13,17.170000076293945,17.65999984741211,17.020000457763672,17.329999923706055,874100
2022-06-14,17.309999465942383,17.489999771118164,16.790000915527344,17.31999969482422,555100
2022-06-15,18.290000915527344,18.6200008392334,17.549999237060547,17.56999969482422,664800
2022-06-16,17.649999618530273,17.809999465942383,17.299999237060547,17.43000030517578,621800
2022-06-17,17.940000534057617,18.18000030517578,17.329999923706055,17.809999465942383,1086100
2022-06-21,18.790000915527344,19.239999771118164,18.280000686645508,18.360000610351562,758600
2022-06-22,18.979999542236328,19.239999771118164,18.290000915527344,18.299999237060547,512100
2022-06-23,19.270000457763672,19.530000686645508,18.860000610351562,19.100000381469727,496800
2022-06-24,19.68000030517578,20.059999465942383,19.229999542236328,19.600000381469727,640400
2022-06-27,19.0,19.860000610351562,18.850000381469727,19.780000686645508,394100
2022-06-28,18.889999389648438,19.399999618530273,18.549999237060547,19.100000381469727,531600
2022-06-29,18.520000457763672,18.84000015258789,18.200000762939453,18.84000015258789,545500
2022-06-30,18.739999771118164,18.969999313354492,18.09000015258789,18.170000076293945,519200
2022-07-01,18.68000030517578,19.149999618530273,18.270000457763672,18.68000030517578,455000
2022-07-05,19.020000457763672,19.450000762939453,18.079999923706055,18.450000762939453,3232300
2022-07-06,16.200000762939453,19.15999984741211,16.139999389648438,18.760000228881836,2030200
2022-07-07,17.459999084472656,17.459999084472656,16.25,16.40999984741211,1927900
2022-07-08,17.850000381469727,18.15999984741211,17.020000457763672,17.239999771118164,1089900
2022-07-11,17.329999923706055,17.959999084472656,17.059999465942383,17.709999084472656,995900
2022-07-12,17.5,17.729999542236328,17.200000762939453,17.43000030517578,968100
2022-07-13,17.690000534057617,18.170000076293945,16.8700008392334,16.979999542236328,4698200
2022-07-14,17.899999618530273,18.260000228881836,17.40999984741211,17.56999969482422,1168300
2022-07-15,18.950000762939453,18.969999313354492,17.809999465942383,18.0,1516200
2022-07-18,18.790000915527344,19.6200008392334,18.700000762939453,19.200000762939453,725900
2022-07-19,19.170000076293945,19.360000610351562,19.010000228881836,19.1200008392334,530200
2022-07-20,19.93000030517578,19.969999313354492,19.290000915527344,19.290000915527344,1252600
2022-07-21,20.329999923706055,20.350000381469727,19.8700008392334,19.93000030517578,589100
2022-07-22,19.739999771118164,20.329999923706055,19.6200008392334,20.190000534057617,526800
2022-07-25,19.860000610351562,20.049999237060547,19.34000015258789,19.8799991607666,688800
2022-07-26,19.329999923706055,19.75,19.239999771118164,19.639999389648438,531600
2022-07-27,20.350000381469727,20.43000030517578,19.260000228881836,19.440000534057617,559000
2022-07-28,20.850000381469727,21.139999389648438,20.219999313354492,20.5,957700
2022-07-29,20.59000015258789,20.920000076293945,20.40999984741211,20.6200008392334,473700
2022-08-01,20.75,20.790000915527344,19.969999313354492,20.5,306500
2022-08-02,21.0,21.440000534057617,20.43000030517578,20.520000457763672,664400
2022-08-03,20.170000076293945,20.299999237060547,17.5,17.510000228881836,1675300
2022-08-04,19.170000076293945,20.170000076293945,18.979999542236328,20.170000076293945,858000
2022-08-05,18.739999771118164,19.020000457763672,18.510000228881836,18.770000457763672,803200
2022-08-08,19.450000762939453,19.940000534057617,18.760000228881836,18.920000076293945,577600
2022-08-09,18.3799991607666,19.139999389648438,18.290000915527344,19.139999389648438,424100
2022-08-10,19.309999465942383,19.309999465942383,18.440000534057617,18.770000457763672,505100
2022-08-11,19.1299991607666,19.84000015258789,19.110000610351562,19.43000030517578,400500
2022-08-12,19.559999465942383,19.6200008392334,18.959999084472656,19.219999313354492,407700
2022-08-15,19.56999969482422,19.709999084472656,19.190000534057617,19.420000076293945,236200
2022-08-16,19.350000381469727,19.530000686645508,19.100000381469727,19.420000076293945,240400
2022-08-17,18.899999618530273,19.40999984741211,18.850000381469727,19.389999389648438,477300
2022-08-18,18.920000076293945,19.190000534057617,18.729999542236328,18.8799991607666,302900
2022-08-19,18.40999984741211,18.760000228881836,18.329999923706055,18.75,290100
2022-08-22,17.979999542236328,18.18000030517578,17.90999984741211,18.010000228881836,445600
2022-08-23,17.860000610351562,18.190000534057617,17.809999465942383,18.040000915527344,415900
2022-08-24,18.1299991607666,18.280000686645508,17.81999969482422,17.81999969482422,286100
2022-08-25,18.3700008392334,18.610000610351562,18.15999984741211,18.3700008392334,251700
2022-08-26,17.860000610351562,18.540000915527344,17.6299991607666,18.450000762939453,445500
2022-08-29,17.6299991607666,17.90999984741211,17.549999237060547,17.600000381469727,321600
2022-08-30,17.31999969482422,17.809999465942383,17.139999389648438,17.809999465942383,328700
2022-08-31,17.260000228881836,17.639999389648438,17.15999984741211,17.40999984741211,543700
2022-09-01,16.709999084472656,17.06999969482422,16.530000686645508,17.0,644300
2022-09-02,16.809999465942383,17.75,16.68000030517578,17.360000610351562,527200
2022-09-06,16.469999313354492,17.020000457763672,16.3700008392334,16.68000030517578,543500
2022-09-07,16.540000915527344,16.639999389648438,16.209999084472656,16.420000076293945,311700
2022-09-08,16.600000381469727,16.649999618530273,16.219999313354492,16.40999984741211,266000
2022-09-09,17.110000610351562,17.1299991607666,16.829999923706055,16.959999084472656,228500
2022-09-12,17.450000762939453,17.510000228881836,17.110000610351562,17.350000381469727,723800
2022-09-13,16.229999542236328,16.959999084472656,16.170000076293945,16.809999465942383,628800
2022-09-14,16.270000457763672,16.43000030517578,16.059999465942383,16.25,1126800
2022-09-15,15.890000343322754,16.389999389648438,15.720000267028809,16.1299991607666,534300
2022-09-16,15.670000076293945,15.729999542236328,15.149999618530273,15.529999732971191,770800
2022-09-19,15.489999771118164,15.760000228881836,15.399999618530273,15.59000015258789,376400
2022-09-20,15.270000457763672,15.470000267028809,15.119999885559082,15.329999923706055,378100
2022-09-21,15.210000038146973,15.630000114440918,15.130000114440918,15.319999694824219,517300
2022-09-22,14.579999923706055,15.1899995803833,14.529999732971191,15.09000015258789,667400
2022-09-23,14.229999542236328,14.4399995803833,13.979999542236328,14.25,588900
2022-09-26,14.0600004196167,14.520000457763672,13.970000267028809,14.119999885559082,399900
2022-09-27,14.569999694824219,14.649999618530273,14.15999984741211,14.289999961853027,499200
2022-09-28,14.760000228881836,14.8100004196167,14.479999542236328,14.5600004196167,639100
2022-09-29,14.289999961853027,14.470000267028809,14.0600004196167,14.470000267028809,696500
2022-09-30,14.40999984741211,14.6899995803833,14.15999984741211,14.279999732971191,503800
2022-10-03,14.600000381469727,14.75,14.270000457763672,14.40999984741211,399500
2022-10-04,14.9399995803833,15.210000038146973,14.6899995803833,15.079999923706055,449500
2022-10-05,14.760000228881836,14.9399995803833,14.510000228881836,14.59000015258789,265200
2022-10-06,14.760000228881836,15.210000038146973,14.670000076293945,14.680000305175781,546600
2022-10-07,13.890000343322754,14.449999809265137,13.710000038146973,14.449999809265137,332800
2022-10-10,13.649999618530273,13.90999984741211,13.539999961853027,13.90999984741211,353800
2022-10-11,13.25,13.619999885559082,13.170000076293945,13.5,455000
2022-10-12,13.220000267028809,13.319999694824219,13.029999732971191,13.260000228881836,535100
2022-10-13,13.270000457763672,13.430000305175781,12.6899995803833,12.8100004196167,615600
2022-10-14,13.079999923706055,13.520000457763672,13.050000190734863,13.449999809265137,471100
2022-10-17,13.470000267028809,13.640000343322754,13.279999732971191,13.300000190734863,312400
2022-10-18,13.510000228881836,14.0600004196167,13.420000076293945,13.880000114440918,461700
2022-10-19,13.460000038146973,13.619999885559082,13.279999732971191,13.470000267028809,316900
2022-10-20,13.430000305175781,13.789999961853027,13.350000381469727,13.460000038146973,282900
2022-10-21,13.760000228881836,13.829999923706055,13.260000228881836,13.430000305175781,300100
2022-10-24,13.760000228881836,13.779999732971191,13.199999809265137,13.760000228881836,378800
2022-10-25,14.569999694824219,14.699999809265137,13.880000114440918,13.880000114440918,299200
2022-10-26,14.270000457763672,14.670000076293945,14.220000267028809,14.399999618530273,314900
2022-10-27,14.140000343322754,14.5,14.069999694824219,14.489999771118164,266500
2022-10-28,14.319999694824219,14.380000114440918,14.029999732971191,14.119999885559082,229700
2022-10-31,14.470000267028809,14.649999618530273,14.140000343322754,14.239999771118164,405900
2022-11-01,14.289999961853027,14.770000457763672,14.239999771118164,14.770000457763672,206100
2022-11-02,13.960000038146973,14.479999542236328,13.90999984741211,14.369999885559082,294400
2022-11-03,13.710000038146973,13.930000305175781,13.520000457763672,13.600000381469727,297300
2022-11-04,13.680000305175781,14.039999961853027,13.479999542236328,13.789999961853027,376000
2022-11-07,13.670000076293945,13.90999984741211,13.369999885559082,13.90999984741211,500400
2022-11-08,13.649999618530273,14.390000343322754,13.630000114440918,14.140000343322754,521300
2022-11-09,13.039999961853027,13.640000343322754,12.960000038146973,13.34000015258789,812400
2022-11-10,13.34000015258789,13.680000305175781,13.140000343322754,13.5,1101500
2022-11-11,13.9399995803833,14.329999923706055,13.390000343322754,13.390000343322754,1364100
2022-11-14,13.720000267028809,14.119999885559082,13.4399995803833,14.0,1110300
2022-11-15,14.239999771118164,14.399999618530273,13.84000015258789,14.069999694824219,1284900
2022-11-16,14.149999618530273,14.210000038146973,13.729999542236328,14.069999694824219,633000
2022-11-17,14.239999771118164,14.239999771118164,13.649999618530273,13.960000038146973,381100
2022-11-18,13.949999809265137,14.550000190734863,13.899999618530273,14.479999542236328,397900
2022-11-21,14.399999618530273,14.520000457763672,13.670000076293945,13.819999694824219,735400
2022-11-22,14.100000381469727,14.489999771118164,13.859999656677246,14.420000076293945,367200
2022-11-23,14.260000228881836,14.279999732971191,13.90999984741211,14.170000076293945,303100
2022-11-25,14.140000343322754,14.210000038146973,14.0,14.149999618530273,123800
2022-11-28,13.609999656677246,14.199999809265137,13.529999732971191,14.0,548700
2022-11-29,13.649999618530273,13.800000190734863,13.5600004196167,13.600000381469727,400500
2022-11-30,14.029999732971191,14.050000190734863,13.479999542236328,13.569999694824219,513600
2022-12-01,14.010000228881836,14.34000015258789,13.9399995803833,14.069999694824219,537300
2022-12-02,13.84000015258789,13.930000305175781,13.609999656677246,13.8100004196167,332200
2022-12-05,13.539999961853027,13.829999923706055,13.520000457763672,13.729999542236328,384400
2022-12-06,12.84000015258789,13.550000190734863,12.75,13.460000038146973,502400
2022-12-07,12.670000076293945,12.819999694824219,12.449999809265137,12.6899995803833,546900
2022-12-08,12.729999542236328,12.859999656677246,12.529999732971191,12.600000381469727,517800
2022-12-09,12.5600004196167,12.920000076293945,12.529999732971191,12.609999656677246,313300
2022-12-12,12.5600004196167,12.75,12.449999809265137,12.520000457763672,536200
2022-12-13,12.460000038146973,13.300000190734863,12.380000114440918,12.979999542236328,498100
2022-12-14,12.260000228881836,12.5600004196167,12.100000381469727,12.4399995803833,514100
2022-12-15,11.640000343322754,12.109999656677246,11.489999771118164,12.100000381469727,679800
2022-12-16,12.029999732971191,12.0600004196167,11.479999542236328,11.5600004196167,1549300
2022-12-19,11.279999732971191,12.079999923706055,11.229999542236328,12.079999923706055,881200
2022-12-20,11.34000015258789,11.460000038146973,11.1899995803833,11.220000267028809,601600
2022-12-21,11.699999809265137,11.760000228881836,11.329999923706055,11.420000076293945,577500
2022-12-22,11.550000190734863,11.649999618530273,11.1899995803833,11.630000114440918,714000
2022-12-23,11.449999809265137,11.630000114440918,11.390000343322754,11.550000190734863,359600
2022-12-27,11.199999809265137,11.510000228881836,11.130000114440918,11.420000076293945,545800
2022-12-28,11.069999694824219,11.399999618530273,11.039999961853027,11.170000076293945,635100
2022-12-29,11.520000457763672,11.569999694824219,11.079999923706055,11.180000305175781,431100
2022-12-30,11.859999656677246,11.90999984741211,11.289999961853027,11.329999923706055,633800
2023-01-03,11.920000076293945,12.260000228881836,11.899999618530273,11.970000267028809,524500
2023-01-04,13.229999542236328,13.359999656677246,12.59000015258789,12.65999984741211,745600
2023-01-05,13.3100004196167,13.380000114440918,12.989999771118164,13.0600004196167,468700
2023-01-06,13.399999618530273,13.539999961853027,13.149999618530273,13.380000114440918,249700
2023-01-09,13.350000381469727,13.729999542236328,13.329999923706055,13.529999732971191,315600
2023-01-10,13.619999885559082,13.630000114440918,13.289999961853027,13.319999694824219,267700
2023-01-11,13.65999984741211,13.729999542236328,13.489999771118164,13.649999618530273,350300
2023-01-12,13.779999732971191,13.800000190734863,13.539999961853027,13.760000228881836,320000
2023-01-13,13.569999694824219,13.789999961853027,13.529999732971191,13.609999656677246,208300
2023-01-17,14.010000228881836,14.079999923706055,13.619999885559082,13.710000038146973,570700
2023-01-18,13.5600004196167,14.289999961853027,13.550000190734863,14.170000076293945,400800
2023-01-19,13.399999618530273,13.59000015258789,13.329999923706055,13.479999542236328,227300
2023-01-20,13.899999618530273,13.960000038146973,13.270000457763672,13.390000343322754,342500
2023-01-23,14.140000343322754,14.239999771118164,13.779999732971191,13.930000305175781,385000
2023-01-24,13.890000343322754,14.149999618530273,13.850000381469727,14.029999732971191,189700
2023-01-25,13.779999732971191,13.819999694824219,13.470000267028809,13.710000038146973,147700
2023-01-26,13.75,13.979999542236328,13.630000114440918,13.75,327000
2023-01-27,14.329999923706055,14.470000267028809,13.6899995803833,13.6899995803833,434600
2023-01-30,13.899999618530273,14.300000190734863,13.859999656677246,14.130000114440918,252100
2023-01-31,14.329999923706055,14.34000015258789,13.829999923706055,13.890000343322754,504900
2023-02-01,14.760000228881836,14.8100004196167,14.069999694824219,14.279999732971191,478400
2023-02-02,15.180000305175781,15.510000228881836,14.899999618530273,15.0,467200
2023-02-03,14.800000190734863,15.34000015258789,14.630000114440918,14.819999694824219,292500
2023-02-06,14.319999694824219,14.729999542236328,14.270000457763672,14.520000457763672,218000
2023-02-07,14.460000038146973,14.489999771118164,14.130000114440918,14.279999732971191,194900
2023-02-08,14.1899995803833,14.520000457763672,14.149999618530273,14.460000038146973,175200
2023-02-09,13.800000190734863,14.40999984741211,13.65999984741211,14.319999694824219,300200
2023-02-10,13.84000015258789,13.899999618530273,13.649999618530273,13.710000038146973,211400
2023-02-13,13.819999694824219,13.899999618530273,13.640000343322754,13.84000015258789,663200
2023-02-14,14.130000114440918,14.229999542236328,13.25,13.670000076293945,634700
2023-02-15,14.510000228881836,14.539999961853027,14.029999732971191,14.029999732971191,215900
2023-02-16,13.920000076293945,14.399999618530273,13.880000114440918,14.359999656677246,307500
2023-02-17,13.789999961853027,13.859999656677246,13.59000015258789,13.859999656677246,156300
2023-02-21,13.239999771118164,13.699999809265137,13.210000038146973,13.579999923706055,279600
2023-02-22,13.430000305175781,13.520000457763672,13.289999961853027,13.319999694824219,236200
2023-02-23,13.34000015258789,13.720000267028809,13.210000038146973,13.720000267028809,264600
2023-02-24,13.039999961853027,13.25,12.880000114440918,13.229999542236328,281400
2023-02-27,12.970000267028809,13.279999732971191,12.970000267028809,13.0,397900
2023-02-28,12.949999809265137,13.260000228881836,12.9399995803833,13.09000015258789,294800
2023-03-01,13.1899995803833,13.270000457763672,12.890000343322754,12.970000267028809,588100
2023-03-02,13.8100004196167,13.960000038146973,12.720000267028809,12.960000038146973,1050800
2023-03-03,14.260000228881836,14.640000343322754,13.619999885559082,13.670000076293945,504700
2023-03-06,14.3100004196167,14.609999656677246,14.140000343322754,14.289999961853027,693000
2023-03-07,14.210000038146973,14.449999809265137,14.100000381469727,14.289999961853027,423900
2023-03-08,14.279999732971191,14.420000076293945,13.6899995803833,13.989999771118164,612200
2023-03-09,14.010000228881836,14.680000305175781,13.979999542236328,14.279999732971191,676100
2023-03-10,15.279999732971191,15.979999542236328,15.050000190734863,15.420000076293945,1858700
2023-03-13,14.579999923706055,15.069999694824219,14.289999961853027,14.970000267028809,852400
2023-03-14,14.359999656677246,14.930000305175781,14.3100004196167,14.569999694824219,491500
2023-03-15,14.829999923706055,14.989999771118164,14.109999656677246,14.140000343322754,553200
2023-03-16,14.949999809265137,15.149999618530273,14.399999618530273,14.680000305175781,578100
2023-03-17,15.0,15.010000228881836,14.510000228881836,14.989999771118164,788900
2023-03-20,14.479999542236328,15.050000190734863,14.329999923706055,15.010000228881836,464400
2023-03-21,14.59000015258789,14.9399995803833,14.539999961853027,14.59000015258789,369100
2023-03-22,14.5,15.140000343322754,14.479999542236328,14.949999809265137,499000
2023-03-23,14.65999984741211,14.859999656677246,14.390000343322754,14.390000343322754,359200
2023-03-24,14.380000114440918,14.710000038146973,14.319999694824219,14.649999618530273,346400
2023-03-27,14.149999618530273,14.380000114440918,14.0,14.329999923706055,309200
2023-03-28,14.109999656677246,14.220000267028809,14.0,14.130000114440918,340100
2023-03-29,16.059999465942383,16.100000381469727,15.15999984741211,15.300000190734863,2486600
2023-03-30,16.229999542236328,16.489999771118164,16.0,16.15999984741211,816100
2023-03-31,16.530000686645508,16.549999237060547,16.09000015258789,16.229999542236328,592400
2023-04-03,16.3799991607666,16.399999618530273,15.640000343322754,16.110000610351562,927700
2023-04-04,15.829999923706055,16.5,15.609999656677246,16.489999771118164,990400
2023-04-05,15.829999923706055,16.020000457763672,15.579999923706055,16.0,926900
2023-04-06,15.75,15.949999809265137,15.640000343322754,15.65999984741211,631100
2023-04-10,15.460000038146973,15.739999771118164,15.319999694824219,15.65999984741211,447400
2023-04-11,15.329999923706055,15.550000190734863,15.329999923706055,15.4399995803833,365400
2023-04-12,15.010000228881836,15.5,14.9399995803833,15.470000267028809,609800
2023-04-13,15.420000076293945,15.510000228881836,15.020000457763672,15.079999923706055,731800
2023-04-14,14.979999542236328,15.550000190734863,14.829999923706055,15.5,497600
2023-04-17,15.25,15.430000305175781,14.9399995803833,14.960000038146973,420600
2023-04-18,15.430000305175781,15.470000267028809,15.079999923706055,15.350000381469727,569500
2023-04-19,15.670000076293945,15.699999809265137,15.020000457763672,15.220000267028809,869200
2023-04-20,15.069999694824219,15.579999923706055,14.880000114440918,15.579999923706055,676100
2023-04-21,14.869999885559082,15.069999694824219,14.800000190734863,14.989999771118164,370100
2023-04-24,14.930000305175781,15.010000228881836,14.770000457763672,14.800000190734863,414400
2023-04-25,14.34000015258789,14.829999923706055,14.319999694824219,14.8100004196167,447000
2023-04-26,14.029999732971191,14.449999809265137,14.010000228881836,14.449999809265137,322400
2023-04-27,14.430000305175781,14.479999542236328,14.039999961853027,14.039999961853027,922800
2023-04-28,14.359999656677246,14.510000228881836,14.199999809265137,14.430000305175781,812500
2023-05-01,14.960000038146973,15.029999732971191,14.3100004196167,14.380000114440918,1048100
2023-05-02,14.140000343322754,14.960000038146973,14.079999923706055,14.960000038146973,376300
2023-05-03,14.020000457763672,14.270000457763672,14.010000228881836,14.229999542236328,472000
2023-05-04,13.829999923706055,14.020000457763672,13.460000038146973,14.0,543400
2023-05-05,14.260000228881836,14.319999694824219,13.949999809265137,13.989999771118164,262800
2023-05-08,14.350000381469727,14.529999732971191,14.109999656677246,14.319999694824219,687600
2023-05-09,14.390000343322754,14.649999618530273,14.119999885559082,14.119999885559082,594200
2023-05-10,14.619999885559082,14.75,14.4399995803833,14.489999771118164,315800
2023-05-11,14.579999923706055,14.649999618530273,14.34000015258789,14.5600004196167,269400
2023-05-12,14.170000076293945,14.579999923706055,13.970000267028809,14.579999923706055,804200
2023-05-15,14.399999618530273,14.59000015258789,14.100000381469727,14.229999542236328,506200
2023-05-16,15.800000190734863,16.15999984741211,15.0,15.149999618530273,1842800
2023-05-17,15.979999542236328,16.15999984741211,15.569999694824219,15.819999694824219,936600
2023-05-18,15.710000038146973,16.030000686645508,15.489999771118164,15.9399995803833,710900
2023-05-19,15.380000114440918,15.75,15.3100004196167,15.739999771118164,409700
2023-05-22,15.489999771118164,15.619999885559082,15.380000114440918,15.380000114440918,564300
2023-05-23,15.260000228881836,15.460000038146973,15.210000038146973,15.399999618530273,322400
2023-05-24,14.880000114440918,15.270000457763672,14.850000381469727,15.210000038146973,262400
2023-05-25,14.260000228881836,16.0,14.149999618530273,15.449999809265137,1551500
2023-05-26,14.079999923706055,14.460000038146973,14.010000228881836,14.210000038146973,1151500
2023-05-30,14.65999984741211,14.699999809265137,14.0600004196167,14.329999923706055,1240500
2023-05-31,14.550000190734863,14.710000038146973,14.380000114440918,14.520000457763672,1124300
2023-06-01,14.569999694824219,14.710000038146973,14.170000076293945,14.510000228881836,658900
2023-06-02,16.209999084472656,16.3700008392334,15.399999618530273,15.699999809265137,2682700
2023-06-05,16.40999984741211,16.920000076293945,16.110000610351562,16.25,1507600
2023-06-06,16.6200008392334,16.899999618530273,16.25,16.309999465942383,729500
2023-06-07,17.34000015258789,17.440000534057617,16.530000686645508,16.770000457763672,996600
2023-06-08,17.56999969482422,17.729999542236328,17.239999771118164,17.34000015258789,1013500
2023-06-09,17.790000915527344,17.889999389648438,17.31999969482422,17.469999313354492,859000
2023-06-12,17.829999923706055,18.110000610351562,17.59000015258789,17.809999465942383,642000
2023-06-13,17.649999618530273,17.989999771118164,17.600000381469727,17.829999923706055,922800
2023-06-14,17.479999542236328,17.84000015258789,17.290000915527344,17.540000915527344,771100
2023-06-15,17.3700008392334,17.709999084472656,17.290000915527344,17.290000915527344,729000
2023-06-16,17.389999389648438,17.520000457763672,17.0,17.299999237060547,2259700
2023-06-20,17.3799991607666,17.639999389648438,16.959999084472656,17.31999969482422,1398000
2023-06-21,17.020000457763672,17.440000534057617,17.010000228881836,17.290000915527344,860300
2023-06-22,16.84000015258789,17.030000686645508,16.75,17.020000457763672,644000
2023-06-23,16.329999923706055,16.709999084472656,15.75,16.709999084472656,1037300
2023-06-26,16.229999542236328,16.729999542236328,16.15999984741211,16.270000457763672,596600
2023-06-27,17.239999771118164,17.81999969482422,17.020000457763672,17.649999618530273,1665200
2023-06-28,17.600000381469727,17.700000762939453,17.100000381469727,17.5,930400
2023-06-29,17.950000762939453,18.139999389648438,17.450000762939453,17.549999237060547,1051600
2023-06-30,17.760000228881836,18.139999389648438,17.559999465942383,18.1299991607666,1635700
2023-07-03,17.420000076293945,17.8799991607666,17.270000457763672,17.719999313354492,766200
2023-07-05,17.040000915527344,17.329999923706055,16.950000762939453,17.329999923706055,850600
2023-07-06,17.190000534057617,17.190000534057617,16.739999771118164,16.989999771118164,567900
2023-07-07,17.3799991607666,17.610000610351562,17.229999542236328,17.25,419600
2023-07-10,18.860000610351562,19.40999984741211,18.170000076293945,18.5,1871000
2023-07-11,19.100000381469727,19.25,18.850000381469727,19.139999389648438,1451500
2023-07-12,19.18000030517578,19.31999969482422,19.0,19.1200008392334,632300
2023-07-13,20.899999618530273,21.709999084472656,20.399999618530273,20.440000534057617,2844900
2023-07-14,20.3700008392334,21.09000015258789,20.1200008392334,21.0,1053300
2023-07-17,20.850000381469727,21.239999771118164,20.709999084472656,21.219999313354492,1939800
2023-07-18,21.299999237060547,21.719999313354492,21.040000915527344,21.149999618530273,1512400
2023-07-19,21.270000457763672,21.489999771118164,21.09000015258789,21.299999237060547,914800
2023-07-20,20.65999984741211,21.18000030517578,20.65999984741211,21.1200008392334,542200
2023-07-21,20.270000457763672,20.8700008392334,20.200000762939453,20.670000076293945,867600
2023-07-24,20.209999084472656,20.440000534057617,20.190000534057617,20.270000457763672,424200
2023-07-25,19.68000030517578,20.360000610351562,19.510000228881836,20.059999465942383,885000
2023-07-26,19.93000030517578,20.110000610351562,19.3700008392334,19.3799991607666,413500
2023-07-27,19.190000534057617,19.969999313354492,19.15999984741211,19.93000030517578,494600
2023-07-28,18.610000610351562,19.149999618530273,18.559999465942383,18.93000030517578,1741600
2023-07-31,18.1299991607666,18.549999237060547,18.049999237060547,18.510000228881836,1042100
2023-08-01,17.790000915527344,19.200000762939453,17.700000762939453,18.1299991607666,1649000
2023-08-02,17.6200008392334,17.969999313354492,17.149999618530273,17.5,643700
2023-08-03,16.790000915527344,17.459999084472656,16.760000228881836,17.40999984741211,922000
2023-08-04,16.440000534057617,16.8700008392334,16.040000915527344,16.649999618530273,2046000
2023-08-07,16.389999389648438,16.450000762939453,16.020000457763672,16.440000534057617,1028000
2023-08-08,16.760000228881836,16.84000015258789,15.930000305175781,16.1200008392334,1094600
2023-08-09,15.550000190734863,16.739999771118164,15.479999542236328,16.059999465942383,1303500
2023-08-10,15.109999656677246,15.75,15.020000457763672,15.539999961853027,1294900
2023-08-11,14.90999984741211,15.039999961853027,14.710000038146973,14.9399995803833,1068000
2023-08-14,15.050000190734863,15.119999885559082,14.779999732971191,14.930000305175781,517500
2023-08-15,14.739999771118164,15.039999961853027,14.680000305175781,15.039999961853027,544900
2023-08-16,14.539999961853027,14.75,14.380000114440918,14.609999656677246,703100
2023-08-17,14.430000305175781,14.649999618530273,14.40999984741211,14.539999961853027,403100
2023-08-18,14.850000381469727,14.859999656677246,14.25,14.25,520100
2023-08-21,14.350000381469727,14.90999984741211,14.3100004196167,14.869999885559082,1011600
2023-08-22,14.5,14.520000457763672,14.15999984741211,14.350000381469727,680600
2023-08-23,14.430000305175781,14.609999656677246,14.369999885559082,14.510000228881836,944600
2023-08-24,14.170000076293945,14.579999923706055,14.109999656677246,14.5600004196167,994100
2023-08-25,14.0600004196167,14.220000267028809,13.859999656677246,14.180000305175781,493600
2023-08-28,14.050000190734863,14.25,13.920000076293945,14.109999656677246,276300
2023-08-29,14.010000228881836,14.15999984741211,13.9399995803833,14.020000457763672,355700
2023-08-30,14.350000381469727,14.979999542236328,13.699999809265137,13.989999771118164,3927000
2023-08-31,14.699999809265137,14.979999542236328,14.229999542236328,14.40999984741211,1095000
2023-09-01,14.770000457763672,15.029999732971191,14.609999656677246,14.800000190734863,735500
2023-09-05,14.510000228881836,14.84000015258789,14.4399995803833,14.729999542236328,630600
2023-09-06,14.489999771118164,14.670000076293945,14.270000457763672,14.670000076293945,401300
2023-09-07,13.869999885559082,14.34000015258789,12.729999542236328,14.270000457763672,2183600
2023-09-08,13.569999694824219,13.949999809265137,13.550000190734863,13.75,574300
2023-09-11,13.229999542236328,13.619999885559082,13.1899995803833,13.5600004196167,574200
2023-09-12,12.479999542236328,13.100000381469727,12.329999923706055,13.0,1591300
2023-09-13,12.199999809265137,12.5600004196167,12.100000381469727,12.539999961853027,1118800
2023-09-14,12.59000015258789,13.079999923706055,12.270000457763672,12.40999984741211,1916500
2023-09-15,12.390000343322754,12.670000076293945,12.199999809265137,12.640000343322754,1210300
2023-09-18,12.350000381469727,12.449999809265137,12.130000114440918,12.449999809265137,682100
2023-09-19,12.520000457763672,12.880000114440918,12.34000015258789,12.34000015258789,1291500
2023-09-20,12.449999809265137,12.6899995803833,12.430000305175781,12.520000457763672,896900
2023-09-21,12.329999923706055,12.539999961853027,12.0600004196167,12.329999923706055,801500
2023-09-22,12.40999984741211,12.600000381469727,12.3100004196167,12.420000076293945,1164100
2023-09-25,12.270000457763672,12.5,12.199999809265137,12.380000114440918,859800
2023-09-26,12.260000228881836,12.489999771118164,12.170000076293945,12.180000305175781,1277500
2023-09-27,12.25,12.489999771118164,12.15999984741211,12.25,1740800
2023-09-28,13.210000038146973,13.510000228881836,12.859999656677246,13.199999809265137,2802800
2023-09-29,13.609999656677246,13.680000305175781,12.979999542236328,13.210000038146973,2488200
2023-10-02,13.119999885559082,13.6899995803833,13.0600004196167,13.529999732971191,1220700
2023-10-03,12.880000114440918,13.220000267028809,12.789999961853027,13.010000228881836,914200
2023-10-04,12.529999732971191,12.90999984741211,12.34000015258789,12.899999618530273,924100
2023-10-05,12.329999923706055,12.649999618530273,12.229999542236328,12.59000015258789,870200
2023-10-06,12.350000381469727,12.479999542236328,12.050000190734863,12.140000343322754,613800
2023-10-09,11.609999656677246,12.140000343322754,11.539999961853027,12.100000381469727,1178500
2023-10-10,11.680000305175781,12.010000228881836,11.510000228881836,11.609999656677246,855900
2023-10-11,11.460000038146973,11.760000228881836,11.359999656677246,11.65999984741211,842400
2023-10-12,11.470000267028809,11.770000457763672,11.319999694824219,11.319999694824219,562800
2023-10-13,11.390000343322754,11.529999732971191,11.289999961853027,11.5,502500
2023-10-16,11.550000190734863,11.649999618530273,11.300000190734863,11.390000343322754,325700
2023-10-17,12.149999618530273,12.170000076293945,11.460000038146973,11.470000267028809,522700
2023-10-18,11.8100004196167,12.140000343322754,11.699999809265137,12.020000457763672,610100
2023-10-19,11.710000038146973,11.90999984741211,11.59000015258789,11.760000228881836,558500
2023-10-20,11.579999923706055,11.739999771118164,11.359999656677246,11.65999984741211,704100
2023-10-23,11.279999732971191,11.520000457763672,11.229999542236328,11.399999618530273,527900
2023-10-24,11.579999923706055,11.75,11.329999923706055,11.329999923706055,588900
2023-10-25,10.359999656677246,11.170000076293945,10.130000114440918,11.119999885559082,2005700
2023-10-26,10.140000343322754,10.5,10.020000457763672,10.270000457763672,1183100
2023-10-27,10.25,10.399999618530273,10.020000457763672,10.180000305175781,517400
2023-10-30,10.3100004196167,10.420000076293945,10.130000114440918,10.270000457763672,601400
2023-10-31,10.170000076293945,10.479999542236328,10.050000190734863,10.3100004196167,696500
2023-11-01,10.149999618530273,10.229999542236328,9.949999809265137,10.229999542236328,550700
2023-11-02,10.539999961853027,10.65999984741211,10.329999923706055,10.329999923706055,923000
2023-11-03,11.260000228881836,11.270000457763672,10.65999984741211,10.65999984741211,1024300
2023-11-06,11.069999694824219,11.430000305175781,10.9399995803833,11.34000015258789,509800
2023-11-07,11.119999885559082,11.260000228881836,10.9399995803833,11.010000228881836,562600
2023-11-08,10.850000381469727,11.449999809265137,10.770000457763672,11.170000076293945,424700
2023-11-09,10.40999984741211,11.0,10.40999984741211,10.970000267028809,375000
2023-11-10,10.550000190734863,10.600000381469727,10.289999961853027,10.449999809265137,359000
2023-11-13,10.25,10.5,10.180000305175781,10.430000305175781,360500
2023-11-14,10.739999771118164,11.010000228881836,10.600000381469727,10.619999885559082,543200
2023-11-15,10.770000457763672,11.09000015258789,10.720000267028809,10.869999885559082,528900
2023-11-16,10.279999732971191,11.199999809265137,10.199999809265137,10.199999809265137,856900
2023-11-17,10.829999923706055,11.0,10.149999618530273,10.289999961853027,778200
2023-11-20,11.050000190734863,11.279999732971191,10.880000114440918,10.880000114440918,557600
2023-11-21,10.819999694824219,11.039999961853027,10.760000228881836,11.010000228881836,371400
2023-11-22,11.0,11.010000228881836,10.609999656677246,10.760000228881836,759700
2023-11-24,11.15999984741211,11.229999542236328,11.0,11.029999732971191,285600
2023-11-27,11.399999618530273,11.449999809265137,10.930000305175781,11.069999694824219,519800
2023-11-28,11.199999809265137,11.420000076293945,11.109999656677246,11.350000381469727,434000
2023-11-29,11.039999961853027,11.5,11.010000228881836,11.25,377300
2023-11-30,11.039999961853027,11.079999923706055,10.850000381469727,11.069999694824219,380300
2023-12-01,11.949999809265137,11.970000267028809,10.890000343322754,10.979999542236328,792900
2023-12-04,11.640000343322754,11.720000267028809,11.170000076293945,11.720000267028809,908100
2023-12-05,11.460000038146973,11.630000114440918,11.34000015258789,11.550000190734863,378200
2023-12-06,11.670000076293945,11.829999923706055,11.479999542236328,11.600000381469727,758900
2023-12-07,11.850000381469727,12.109999656677246,11.569999694824219,11.649999618530273,571300
2023-12-08,12.15999984741211,12.180000305175781,11.829999923706055,11.850000381469727,468700
2023-12-11,12.0600004196167,12.229999542236328,11.949999809265137,12.140000343322754,543600
2023-12-12,11.770000457763672,12.100000381469727,11.75,12.100000381469727,640600
2023-12-13,12.34000015258789,12.359999656677246,11.729999542236328,11.760000228881836,679500
2023-12-14,12.670000076293945,12.960000038146973,12.5,12.5,755700
2023-12-15,12.630000114440918,12.970000267028809,12.520000457763672,12.65999984741211,2134000
2023-12-18,12.970000267028809,13.119999885559082,12.5,12.59000015258789,861800
2023-12-19,13.149999618530273,13.489999771118164,12.859999656677246,12.989999771118164,723000
2023-12-20,12.739999771118164,13.270000457763672,12.6899995803833,13.140000343322754,573400
2023-12-21,13.130000114440918,13.25,12.850000381469727,12.899999618530273,388800
2023-12-22,13.109999656677246,13.270000457763672,12.90999984741211,13.09000015258789,330000
2023-12-26,14.819999694824219,14.930000305175781,14.050000190734863,14.069999694824219,2343800
2023-12-27,14.630000114440918,14.8100004196167,14.420000076293945,14.75,1021800
2023-12-28,14.510000228881836,14.649999618530273,14.430000305175781,14.619999885559082,564100
2023-12-29,14.279999732971191,14.449999809265137,13.920000076293945,14.420000076293945,872300
